# Timestep	Num_Clusters	Max_Cluster_Size
0	13	3420
1	8	3425
2	10	3423
3	13	3420
4	11	3422
5	14	3419
6	10	3423
7	12	3420
8	11	3421
9	13	3420
10	15	3418
11	9	3423
12	9	3424
13	12	3421
14	9	3423
15	9	3423
16	16	3416
17	12	3421
18	10	3422
19	9	3424
20	14	3419
21	18	3415
22	11	3422
23	13	3420
24	11	3422
25	9	3424
26	11	3422
27	8	3425
28	9	3423
29	8	3425
30	11	3422
31	9	3424
32	11	3422
33	12	3421
34	15	3418
35	10	3422
36	11	3422
37	14	3419
38	14	3419
39	10	3423
40	9	3423
41	11	3422
42	11	3422
43	10	3423
44	10	3423
45	13	3420
46	8	3425
47	8	3425
48	10	3422
49	10	3422
50	11	3421
51	9	3424
52	10	3422
53	10	3423
54	11	3422
55	15	3418
56	13	3420
57	15	3418
58	5	3427
59	8	3425
60	12	3421
61	15	3417
62	11	3422
63	12	3421
64	10	3423
65	6	3427
66	11	3421
67	12	3421
68	10	3422
69	13	3419
70	11	3422
71	10	3423
72	8	3425
73	5	3428
74	11	3422
75	12	3421
76	8	3424
77	10	3423
78	8	3425
79	13	3420
80	9	3424
81	11	3422
82	12	3420
83	12	3420
84	12	3421
85	14	3419
86	10	3423
87	16	3417
88	14	3418
89	16	3417
90	8	3425
91	11	3422
92	15	3418
93	6	3427
94	9	3418
95	10	3417
96	10	3423
97	10	3423
98	11	3422
99	8	3425
100	12	3420
101	10	3423
102	8	3425
103	9	3424
104	11	3422
105	12	3420
106	14	3419
107	12	3419
108	11	3422
109	11	3422
110	13	3420
111	7	3426
112	9	3424
113	11	3422
114	9	3418
115	5	3428
116	8	3425
117	11	3422
118	13	3420
119	8	3425
120	10	3423
121	11	3422
122	12	3421
123	12	3421
124	8	3425
125	8	3425
126	14	3419
127	12	3421
128	6	3427
129	9	3424
130	11	3422
131	10	3423
132	9	3424
133	11	3422
134	14	3419
135	9	3424
136	8	3424
137	12	3421
138	9	3423
139	9	3424
140	11	3421
141	6	3427
142	11	3422
143	13	3420
144	10	3423
145	13	3420
146	14	3419
147	12	3421
148	9	3424
149	9	3424
150	10	3423
151	9	3424
152	12	3421
153	15	3418
154	11	3422
155	16	3411
156	13	3420
157	9	3424
158	12	3421
159	12	3421
160	19	3414
161	11	3422
162	16	3417
163	16	3416
164	11	3421
165	10	3423
166	13	3420
167	9	3424
168	18	3413
169	15	3418
170	12	3420
171	17	3416
172	12	3420
173	18	3415
174	19	3414
175	17	3416
176	10	3423
177	19	3413
178	12	3421
179	22	3411
180	13	3417
181	13	3420
182	8	3425
183	16	3417
184	7	3426
185	11	3422
186	8	3425
187	16	3417
188	13	3420
189	10	3423
190	17	3416
191	13	3420
192	11	3422
193	13	3420
194	12	3421
195	10	3422
196	12	3421
197	11	3422
198	12	3421
199	11	3422
200	12	3421
201	14	3419
202	15	3417
203	7	3426
204	18	3414
205	13	3420
206	14	3419
207	18	3414
208	19	3414
209	6	3427
210	11	3422
211	11	3422
212	11	3422
213	11	3421
214	11	3422
215	10	3423
216	10	3421
217	12	3420
218	19	3408
219	15	3417
220	9	3424
221	13	3420
222	10	3423
223	18	3415
224	14	3419
225	8	3424
226	14	3419
227	15	3418
228	12	3421
229	13	3419
230	15	3418
231	13	3420
232	17	3416
233	13	3420
234	14	3418
235	8	3425
236	13	3420
237	17	3416
238	14	3419
239	15	3417
240	9	3418
241	13	3420
242	13	3420
243	7	3426
244	16	3416
245	16	3416
246	12	3421
247	16	3416
248	10	3421
249	14	3419
250	16	3416
251	11	3422
252	13	3420
253	11	3422
254	12	3420
255	11	3422
256	9	3424
257	15	3416
258	11	3422
259	15	3418
260	6	3427
261	4	3429
262	10	3422
263	15	3418
264	15	3417
265	12	3421
266	11	3421
267	12	3421
268	10	3423
269	15	3418
270	7	3420
271	13	3414
272	11	3422
273	8	3425
274	11	3416
275	11	3422
276	11	3422
277	6	3427
278	12	3421
279	14	3418
280	11	3421
281	10	3423
282	9	3424
283	17	3415
284	8	3424
285	10	3423
286	12	3421
287	11	3421
288	17	3415
289	12	3421
290	11	3422
291	13	3420
292	13	3420
293	13	3419
294	9	3423
295	10	3422
296	12	3420
297	12	3420
298	16	3417
299	11	3420
300	14	3417
301	10	3423
302	12	3421
303	13	3420
304	13	3420
305	8	3425
306	11	3422
307	11	3422
308	18	3414
309	13	3420
310	15	3418
311	11	3422
312	9	3424
313	11	3421
314	11	3416
315	8	3425
316	12	3421
317	13	3420
318	11	3422
319	12	3419
320	10	3423
321	14	3419
322	11	3422
323	12	3414
324	9	3424
325	7	3425
326	11	3422
327	9	3424
328	9	3424
329	12	3416
330	7	3426
331	13	3419
332	16	3417
333	11	3422
334	8	3425
335	9	3424
336	7	3425
337	9	3424
338	7	3426
339	5	3428
340	10	3423
341	11	3422
342	12	3421
343	7	3426
344	13	3420
345	12	3421
346	12	3421
347	10	3423
348	11	3422
349	12	3421
350	4	3429
351	9	3424
352	16	3416
353	12	3421
354	5	3428
355	10	3423
356	8	3425
357	9	3424
358	11	3422
359	15	3418
360	11	3422
361	6	3427
362	13	3420
363	9	3424
364	10	3423
365	9	3423
366	13	3420
367	12	3421
368	12	3421
369	10	3422
370	9	3424
371	11	3422
372	13	3420
373	11	3421
374	14	3419
375	10	3423
376	11	3422
377	10	3422
378	15	3412
379	12	3415
380	11	3422
381	12	3421
382	8	3425
383	8	3425
384	12	3421
385	12	3420
386	15	3418
387	12	3421
388	13	3420
389	9	3423
390	21	3411
391	9	3424
392	10	3423
393	12	3421
394	9	3424
395	6	3427
396	7	3426
397	7	3425
398	8	3424
399	12	3421
400	10	3423
401	12	3421
402	14	3419
403	16	3417
404	17	3416
405	13	3420
406	11	3416
407	15	3418
408	10	3423
409	11	3422
410	11	3421
411	10	3423
412	11	3422
413	10	3423
414	7	3426
415	8	3425
416	12	3421
417	9	3424
418	11	3422
419	10	3423
420	12	3421
421	8	3425
422	14	3418
423	14	3419
424	10	3417
425	10	3423
426	10	3423
427	13	3418
428	10	3423
429	11	3421
430	10	3423
431	9	3423
432	15	3418
433	6	3427
434	8	3425
435	14	3419
436	13	3420
437	9	3424
438	12	3421
439	8	3425
440	14	3419
441	12	3421
442	11	3422
443	14	3418
444	10	3423
445	10	3421
446	12	3421
447	12	3413
448	12	3421
449	15	3417
450	12	3421
451	17	3416
452	7	3425
453	14	3419
454	9	3423
455	10	3423
456	8	3425
457	12	3421
458	12	3416
459	9	3424
460	15	3418
461	14	3419
462	15	3418
463	15	3417
464	12	3421
465	7	3426
466	11	3422
467	14	3419
468	12	3421
469	15	3418
470	9	3423
471	14	3419
472	8	3424
473	11	3422
474	8	3425
475	13	3419
476	8	3425
477	15	3418
478	10	3423
479	10	3423
480	10	3423
481	10	3423
482	8	3425
483	6	3426
484	9	3424
485	9	3422
486	12	3421
487	8	3425
488	5	3428
489	9	3424
490	14	3419
491	9	3424
492	10	3423
493	11	3422
494	12	3421
495	9	3424
496	9	3424
497	14	3419
498	11	3422
499	10	3422
500	9	3423
501	11	3421
502	9	3424
503	10	3423
504	10	3423
505	15	3417
506	9	3423
507	8	3420
508	13	3420
509	15	3418
510	8	3425
511	7	3426
512	10	3422
513	10	3423
514	7	3426
515	9	3424
516	9	3418
517	8	3425
518	10	3423
519	11	3422
520	7	3426
521	7	3426
522	8	3418
523	14	3419
524	12	3421
525	7	3426
526	7	3426
527	14	3419
528	7	3426
529	13	3420
530	8	3424
531	7	3426
532	16	3417
533	8	3425
534	10	3423
535	14	3419
536	9	3424
537	13	3420
538	16	3417
539	12	3421
540	9	3424
541	12	3421
542	8	3425
543	16	3416
544	11	3422
545	12	3420
546	8	3425
547	14	3419
548	10	3423
549	10	3422
550	12	3420
551	9	3424
552	15	3417
553	9	3424
554	13	3420
555	14	3419
556	15	3418
557	11	3421
558	12	3419
559	12	3421
560	7	3426
561	8	3425
562	11	3422
563	11	3421
564	21	3412
565	13	3420
566	12	3420
567	8	3425
568	8	3425
569	7	3426
570	11	3422
571	10	3423
572	12	3420
573	9	3424
574	14	3419
575	11	3422
576	7	3425
577	15	3418
578	8	3419
579	12	3421
580	10	3423
581	15	3418
582	11	3421
583	9	3424
584	12	3419
585	12	3421
586	18	3414
587	12	3421
588	14	3418
589	10	3423
590	7	3426
591	9	3424
592	8	3425
593	12	3421
594	9	3424
595	13	3420
596	9	3424
597	12	3421
598	9	3423
599	8	3425
600	6	3427
601	7	3426
602	12	3421
603	11	3422
604	8	3425
605	7	3424
606	8	3425
607	15	3417
608	7	3426
609	11	3422
610	9	3424
611	13	3420
612	7	3426
613	9	3424
614	9	3423
615	11	3422
616	8	3425
617	8	3425
618	12	3421
619	9	3424
620	12	3420
621	11	3422
622	13	3420
623	11	3422
624	6	3426
625	9	3424
626	18	3415
627	10	3423
628	9	3424
629	13	3420
630	9	3424
631	11	3422
632	8	3425
633	7	3426
634	11	3422
635	9	3424
636	14	3419
637	12	3421
638	15	3418
639	12	3421
640	12	3421
641	10	3421
642	11	3422
643	7	3425
644	9	3424
645	8	3425
646	8	3425
647	12	3421
648	11	3422
649	16	3417
650	10	3423
651	9	3424
652	12	3415
653	15	3418
654	10	3423
655	17	3411
656	12	3420
657	12	3420
658	8	3425
659	8	3425
660	17	3416
661	13	3420
662	17	3416
663	8	3425
664	4	3429
665	9	3424
666	11	3422
667	6	3426
668	11	3422
669	9	3424
670	18	3414
671	9	3424
672	12	3420
673	8	3425
674	9	3424
675	9	3424
676	11	3422
677	11	3422
678	10	3423
679	11	3422
680	9	3424
681	12	3420
682	9	3424
683	8	3425
684	8	3425
685	9	3424
686	11	3422
687	10	3423
688	13	3420
689	12	3421
690	19	3414
691	13	3420
692	7	3426
693	13	3420
694	13	3420
695	10	3423
696	12	3421
697	10	3423
698	11	3421
699	11	3421
700	10	3423
701	12	3421
702	4	3429
703	4	3429
704	6	3427
705	10	3417
706	14	3419
707	12	3421
708	5	3428
709	10	3423
710	12	3421
711	11	3422
712	12	3421
713	12	3421
714	7	3425
715	11	3422
716	17	3416
717	10	3422
718	12	3421
719	8	3425
720	7	3425
721	8	3425
722	6	3427
723	10	3423
724	9	3424
725	9	3424
726	8	3425
727	9	3424
728	12	3421
729	15	3418
730	11	3422
731	15	3418
732	13	3420
733	8	3420
734	13	3420
735	11	3422
736	12	3421
737	8	3425
738	10	3423
739	9	3424
740	13	3420
741	8	3425
742	12	3421
743	7	3426
744	12	3421
745	10	3423
746	13	3420
747	8	3425
748	14	3418
749	8	3425
750	11	3422
751	10	3423
752	10	3422
753	11	3422
754	12	3420
755	13	3420
756	6	3427
757	9	3424
758	13	3420
759	17	3416
760	13	3420
761	10	3416
762	11	3422
763	9	3424
764	9	3424
765	11	3421
766	10	3423
767	8	3425
768	13	3420
769	9	3424
770	10	3423
771	11	3422
772	11	3422
773	9	3424
774	12	3421
775	11	3422
776	11	3422
777	9	3423
778	9	3424
779	4	3429
780	12	3420
781	9	3424
782	7	3426
783	11	3422
784	5	3426
785	8	3425
786	11	3422
787	13	3420
788	14	3419
789	9	3424
790	9	3424
791	12	3420
792	7	3425
793	8	3425
794	14	3419
795	12	3415
796	12	3421
797	7	3425
798	11	3421
799	9	3424
800	10	3423
801	10	3423
802	9	3424
803	8	3425
804	15	3417
805	11	3422
806	11	3422
807	10	3423
808	5	3428
809	11	3422
810	7	3425
811	11	3416
812	9	3424
813	3	3430
814	11	3422
815	19	3414
816	14	3418
817	12	3421
818	13	3420
819	13	3420
820	13	3420
821	13	3420
822	10	3423
823	11	3422
824	11	3422
825	9	3424
826	13	3420
827	13	3420
828	8	3425
829	14	3419
830	8	3425
831	9	3424
832	14	3419
833	18	3415
834	12	3421
835	8	3425
836	9	3424
837	10	3423
838	8	3424
839	13	3420
840	14	3419
841	6	3427
842	5	3428
843	13	3420
844	9	3424
845	11	3422
846	8	3425
847	7	3426
848	13	3414
849	15	3411
850	13	3420
851	10	3422
852	8	3425
853	7	3426
854	4	3429
855	11	3422
856	11	3422
857	8	3425
858	7	3426
859	10	3423
860	10	3423
861	7	3426
862	9	3424
863	11	3422
864	12	3421
865	10	3423
866	12	3421
867	13	3420
868	8	3425
869	13	3419
870	10	3423
871	13	3418
872	9	3424
873	6	3427
874	10	3423
875	11	3422
876	8	3424
877	15	3418
878	13	3420
879	10	3423
880	7	3425
881	13	3420
882	4	3429
883	10	3423
884	9	3424
885	12	3421
886	12	3421
887	5	3428
888	9	3424
889	10	3422
890	4	3428
891	8	3425
892	9	3424
893	11	3422
894	12	3421
895	12	3421
896	10	3422
897	13	3420
898	9	3424
899	12	3421
900	6	3427
901	8	3425
902	12	3421
903	9	3423
904	6	3427
905	13	3420
906	11	3422
907	10	3422
908	11	3422
909	11	3422
910	12	3420
911	5	3428
912	10	3423
913	9	3424
914	10	3423
915	8	3425
916	10	3423
917	8	3425
918	10	3423
919	14	3419
920	13	3420
921	9	3424
922	12	3420
923	8	3425
924	11	3422
925	8	3425
926	12	3421
927	9	3424
928	13	3419
929	9	3424
930	8	3425
931	9	3424
932	7	3426
933	11	3422
934	13	3420
935	14	3419
936	9	3424
937	8	3425
938	10	3423
939	14	3418
940	8	3425
941	9	3424
942	9	3424
943	11	3422
944	5	3428
945	9	3424
946	13	3420
947	13	3419
948	13	3420
949	7	3426
950	14	3419
951	8	3425
952	9	3424
953	6	3426
954	10	3423
955	10	3423
956	10	3422
957	8	3425
958	7	3426
959	13	3420
960	6	3427
961	8	3425
962	9	3424
963	10	3423
964	8	3425
965	9	3424
966	12	3421
967	9	3424
968	7	3425
969	11	3422
970	11	3422
971	13	3420
972	12	3418
973	14	3419
974	7	3426
975	9	3424
976	11	3422
977	16	3417
978	12	3420
979	13	3420
980	12	3420
981	12	3421
982	11	3422
983	8	3424
984	12	3421
985	8	3425
986	9	3424
987	13	3420
988	12	3421
989	11	3422
990	9	3424
991	8	3425
992	6	3427
993	9	3423
994	8	3425
995	9	3418
996	15	3418
997	8	3425
998	10	3423
999	9	3424
1000	12	3421
1001	10	3423
1002	11	3422
1003	13	3420
1004	8	3425
1005	9	3423
1006	10	3423
1007	10	3423
1008	15	3417
1009	13	3420
1010	7	3426
1011	6	3427
1012	11	3422
1013	9	3424
1014	8	3425
1015	12	3420
1016	10	3423
1017	9	3424
1018	8	3425
1019	12	3421
1020	11	3422
1021	8	3425
1022	14	3419
1023	12	3421
1024	7	3426
1025	11	3420
1026	8	3425
1027	7	3426
1028	10	3423
1029	7	3426
1030	4	3429
1031	7	3426
1032	10	3423
1033	9	3424
1034	12	3421
1035	10	3423
1036	14	3419
1037	10	3423
1038	8	3425
1039	7	3425
1040	9	3424
1041	6	3427
1042	16	3417
1043	8	3425
1044	9	3423
1045	7	3426
1046	12	3421
1047	11	3422
1048	11	3422
1049	6	3427
1050	8	3425
1051	14	3419
1052	6	3427
1053	12	3421
1054	10	3423
1055	15	3418
1056	12	3421
1057	12	3421
1058	6	3427
1059	21	3412
1060	11	3422
1061	12	3420
1062	11	3422
1063	11	3422
1064	8	3425
1065	7	3426
1066	6	3427
1067	11	3422
1068	11	3422
1069	8	3424
1070	6	3427
1071	4	3429
1072	12	3421
1073	8	3425
1074	6	3427
1075	11	3416
1076	5	3428
1077	9	3424
1078	13	3419
1079	5	3428
1080	10	3423
1081	12	3421
1082	8	3424
1083	10	3423
1084	12	3420
1085	10	3423
1086	9	3423
1087	8	3425
1088	13	3419
1089	15	3418
1090	5	3428
1091	8	3425
1092	6	3427
1093	12	3421
1094	9	3424
1095	12	3421
1096	10	3416
1097	8	3425
1098	9	3424
1099	11	3422
1100	13	3419
1101	8	3425
1102	10	3423
1103	9	3424
1104	7	3425
1105	12	3421
1106	7	3426
1107	6	3427
1108	9	3424
1109	6	3427
1110	6	3427
1111	11	3421
1112	10	3423
1113	8	3425
1114	10	3423
1115	13	3420
1116	8	3425
1117	12	3421
1118	7	3426
1119	8	3425
1120	10	3422
1121	12	3421
1122	14	3419
1123	14	3419
1124	7	3426
1125	12	3421
1126	10	3423
1127	8	3425
1128	5	3428
1129	9	3424
1130	13	3420
1131	12	3421
1132	13	3420
1133	7	3426
1134	10	3423
1135	9	3424
1136	3	3430
1137	7	3425
1138	7	3426
1139	10	3423
1140	9	3424
1141	6	3427
1142	12	3421
1143	10	3423
1144	10	3422
1145	12	3421
1146	9	3424
1147	10	3423
1148	9	3424
1149	9	3424
1150	12	3421
1151	8	3425
1152	12	3421
1153	9	3424
1154	13	3420
1155	10	3423
1156	9	3424
1157	8	3424
1158	9	3424
1159	9	3424
1160	6	3427
1161	13	3420
1162	10	3423
1163	14	3419
1164	13	3420
1165	9	3424
1166	6	3421
1167	7	3426
1168	11	3422
1169	15	3418
1170	10	3423
1171	8	3425
1172	7	3426
1173	9	3424
1174	16	3417
1175	10	3423
1176	11	3422
1177	10	3423
1178	8	3425
1179	13	3420
1180	7	3426
1181	11	3422
1182	10	3422
1183	6	3427
1184	9	3424
1185	13	3420
1186	13	3420
1187	11	3421
1188	9	3424
1189	9	3423
1190	11	3422
1191	11	3422
1192	9	3424
1193	14	3419
1194	8	3425
1195	6	3427
1196	15	3418
1197	9	3424
1198	12	3421
1199	10	3423
1200	8	3425
1201	10	3423
1202	6	3427
1203	10	3423
1204	11	3422
1205	9	3424
1206	13	3419
1207	8	3424
1208	10	3423
1209	9	3424
1210	11	3422
1211	6	3427
1212	11	3422
1213	12	3420
1214	12	3421
1215	8	3425
1216	10	3423
1217	9	3424
1218	8	3425
1219	13	3420
1220	10	3423
1221	9	3424
1222	13	3420
1223	9	3424
1224	8	3425
1225	11	3422
1226	9	3424
1227	9	3423
1228	8	3425
1229	11	3422
1230	6	3427
1231	13	3420
1232	14	3419
1233	8	3417
1234	10	3423
1235	13	3420
1236	9	3424
1237	9	3424
1238	10	3423
1239	9	3424
1240	10	3423
1241	10	3417
1242	12	3421
1243	5	3428
1244	13	3420
1245	6	3427
1246	9	3424
1247	11	3422
1248	14	3419
1249	11	3422
1250	12	3420
1251	15	3418
1252	11	3422
1253	9	3424
1254	3	3430
1255	10	3423
1256	9	3424
1257	13	3420
1258	13	3420
1259	9	3424
1260	14	3419
1261	7	3426
1262	5	3427
1263	10	3423
1264	12	3420
1265	13	3420
1266	11	3422
1267	12	3421
1268	8	3425
1269	10	3423
1270	6	3427
1271	6	3427
1272	5	3428
1273	5	3428
1274	12	3420
1275	7	3426
1276	8	3425
1277	8	3423
1278	11	3422
1279	11	3422
1280	12	3421
1281	8	3425
1282	12	3421
1283	7	3426
1284	19	3414
1285	10	3423
1286	10	3417
1287	15	3418
1288	14	3418
1289	9	3424
1290	5	3428
1291	9	3424
1292	5	3428
1293	8	3425
1294	15	3412
1295	9	3424
1296	7	3426
1297	9	3424
1298	9	3424
1299	5	3428
1300	17	3416
1301	11	3422
1302	7	3421
1303	11	3421
1304	10	3423
1305	12	3421
1306	11	3421
1307	12	3421
1308	7	3426
1309	8	3424
1310	5	3428
1311	11	3422
1312	6	3427
1313	10	3415
1314	9	3424
1315	9	3424
1316	6	3427
1317	14	3419
1318	8	3424
1319	13	3420
1320	6	3427
1321	9	3424
1322	6	3427
1323	10	3422
1324	9	3424
1325	4	3429
1326	13	3420
1327	13	3420
1328	13	3420
1329	12	3420
1330	12	3421
1331	11	3422
1332	12	3421
1333	8	3425
1334	7	3426
1335	8	3425
1336	16	3416
1337	13	3420
1338	12	3421
1339	10	3423
1340	8	3425
1341	15	3418
1342	16	3417
1343	12	3421
1344	12	3421
1345	9	3424
1346	11	3422
1347	11	3422
1348	16	3417
1349	13	3419
1350	11	3422
1351	9	3424
1352	14	3418
1353	13	3420
1354	13	3420
1355	6	3427
1356	9	3424
1357	6	3427
1358	12	3421
1359	11	3422
1360	13	3420
1361	12	3421
1362	4	3429
1363	6	3427
1364	9	3424
1365	8	3424
1366	13	3420
1367	9	3424
1368	11	3422
1369	16	3410
1370	10	3423
1371	15	3418
1372	12	3421
1373	14	3419
1374	13	3420
1375	7	3426
1376	13	3420
1377	13	3420
1378	13	3419
1379	9	3424
1380	14	3419
1381	9	3424
1382	8	3425
1383	9	3424
1384	11	3422
1385	14	3419
1386	10	3422
1387	11	3422
1388	9	3424
1389	14	3419
1390	9	3423
1391	11	3422
1392	11	3421
1393	11	3422
1394	8	3425
1395	5	3428
1396	14	3419
1397	12	3421
1398	14	3419
1399	14	3418
1400	8	3425
1401	11	3421
1402	10	3423
1403	8	3425
1404	8	3425
1405	11	3422
1406	11	3422
1407	7	3426
1408	10	3422
1409	12	3421
1410	10	3416
1411	5	3428
1412	11	3422
1413	11	3421
1414	8	3425
1415	11	3421
1416	11	3422
1417	13	3420
1418	11	3422
1419	14	3418
1420	14	3418
1421	10	3423
1422	14	3419
1423	17	3416
1424	14	3419
1425	13	3419
1426	11	3422
1427	16	3417
1428	11	3421
1429	7	3426
1430	15	3418
1431	12	3420
1432	9	3424
1433	13	3420
1434	7	3426
1435	9	3424
1436	15	3418
1437	14	3419
1438	11	3422
1439	15	3418
1440	16	3417
1441	10	3423
1442	11	3422
1443	11	3422
1444	10	3423
1445	10	3417
1446	9	3419
1447	15	3418
1448	7	3426
1449	7	3426
1450	12	3420
1451	14	3419
1452	8	3425
1453	9	3424
1454	13	3419
1455	17	3416
1456	8	3425
1457	11	3422
1458	12	3421
1459	14	3419
1460	11	3422
1461	15	3418
1462	16	3416
1463	12	3421
1464	10	3423
1465	12	3421
1466	9	3424
1467	8	3425
1468	15	3418
1469	12	3421
1470	9	3424
1471	14	3419
1472	14	3419
1473	10	3423
1474	9	3424
1475	12	3421
1476	10	3423
1477	14	3414
1478	12	3421
1479	20	3406
1480	14	3419
1481	12	3421
1482	13	3420
1483	10	3423
1484	14	3419
1485	6	3427
1486	13	3420
1487	10	3423
1488	14	3419
1489	11	3422
1490	10	3423
1491	10	3423
1492	7	3426
1493	10	3423
1494	10	3423
1495	13	3419
1496	11	3422
1497	12	3420
1498	12	3421
1499	10	3422
1500	14	3412
1501	10	3422
1502	12	3421
1503	10	3423
1504	16	3416
1505	8	3425
1506	10	3423
1507	19	3409
1508	12	3420
1509	10	3423
1510	13	3420
1511	10	3422
1512	6	3427
1513	10	3422
1514	6	3426
1515	12	3421
1516	9	3423
1517	15	3412
1518	13	3420
1519	10	3421
1520	13	3420
1521	12	3421
1522	14	3413
1523	7	3426
1524	10	3423
1525	9	3424
1526	11	3422
1527	10	3423
1528	8	3425
1529	9	3418
1530	13	3420
1531	11	3422
1532	5	3428
1533	10	3423
1534	6	3427
1535	14	3419
1536	8	3425
1537	13	3420
1538	9	3424
1539	9	3423
1540	16	3417
1541	10	3423
1542	13	3419
1543	12	3421
1544	8	3424
1545	5	3428
1546	13	3420
1547	10	3422
1548	15	3418
1549	11	3422
1550	15	3418
1551	13	3420
1552	10	3423
1553	11	3420
1554	8	3424
1555	12	3421
1556	12	3420
1557	7	3426
1558	8	3424
1559	10	3423
1560	13	3419
1561	11	3421
1562	5	3428
1563	10	3423
1564	9	3424
1565	19	3413
1566	9	3424
1567	15	3418
1568	17	3411
1569	9	3424
1570	11	3422
1571	11	3422
1572	7	3426
1573	14	3419
1574	11	3422
1575	16	3417
1576	13	3419
1577	13	3420
1578	8	3425
1579	11	3421
1580	10	3423
1581	15	3418
1582	8	3425
1583	12	3421
1584	13	3420
1585	14	3419
1586	13	3420
1587	8	3425
1588	10	3423
1589	13	3419
1590	9	3422
1591	11	3422
1592	11	3422
1593	13	3420
1594	12	3421
1595	7	3426
1596	11	3422
1597	8	3424
1598	10	3423
1599	7	3426
1600	11	3422
1601	12	3421
1602	12	3421
1603	10	3423
1604	10	3423
1605	9	3424
1606	7	3426
1607	16	3417
1608	13	3420
1609	10	3423
1610	12	3420
1611	5	3428
1612	12	3421
1613	13	3420
1614	12	3421
1615	9	3424
1616	11	3422
1617	10	3422
1618	11	3422
1619	6	3427
1620	9	3424
1621	11	3422
1622	8	3425
1623	7	3421
1624	12	3420
1625	8	3425
1626	12	3421
1627	14	3419
1628	9	3424
1629	14	3419
1630	10	3423
1631	9	3424
1632	11	3422
1633	9	3424
1634	11	3422
1635	10	3423
1636	11	3422
1637	10	3423
1638	8	3424
1639	5	3428
1640	11	3422
1641	15	3418
1642	8	3425
1643	6	3427
1644	10	3423
1645	10	3423
1646	6	3427
1647	8	3424
1648	12	3421
1649	8	3424
1650	8	3424
1651	9	3424
1652	10	3422
1653	15	3418
1654	9	3424
1655	15	3417
1656	11	3422
1657	10	3422
1658	9	3422
1659	11	3422
1660	11	3422
1661	9	3424
1662	9	3424
1663	7	3426
1664	10	3423
1665	14	3414
1666	20	3406
1667	15	3418
1668	13	3420
1669	14	3414
1670	13	3420
1671	4	3429
1672	10	3423
1673	8	3425
1674	6	3427
1675	9	3424
1676	8	3425
1677	15	3406
1678	11	3421
1679	9	3424
1680	16	3416
1681	8	3425
1682	7	3426
1683	9	3424
1684	17	3416
1685	8	3425
1686	8	3425
1687	10	3423
1688	14	3418
1689	11	3422
1690	11	3422
1691	8	3420
1692	6	3427
1693	13	3419
1694	9	3423
1695	9	3424
1696	8	3425
1697	11	3422
1698	11	3422
1699	9	3424
1700	6	3427
1701	12	3420
1702	10	3423
1703	12	3421
1704	10	3422
1705	12	3421
1706	11	3422
1707	10	3423
1708	14	3418
1709	12	3414
1710	13	3420
1711	15	3418
1712	13	3420
1713	6	3426
1714	8	3425
1715	13	3420
1716	12	3421
1717	9	3424
1718	8	3425
1719	13	3419
1720	12	3421
1721	6	3427
1722	10	3423
1723	11	3422
1724	9	3424
1725	10	3422
1726	9	3424
1727	4	3429
1728	9	3424
1729	9	3424
1730	9	3424
1731	14	3419
1732	10	3423
1733	9	3424
1734	9	3424
1735	5	3428
1736	9	3424
1737	10	3423
1738	5	3428
1739	13	3420
1740	9	3424
1741	13	3420
1742	10	3423
1743	8	3425
1744	10	3423
1745	7	3426
1746	12	3421
1747	10	3423
1748	6	3427
1749	10	3423
1750	9	3424
1751	9	3424
1752	10	3422
1753	8	3425
1754	9	3424
1755	12	3420
1756	10	3423
1757	14	3419
1758	6	3427
1759	11	3422
1760	7	3426
1761	14	3414
1762	11	3422
1763	7	3426
1764	16	3416
1765	15	3417
1766	17	3416
1767	12	3421
1768	11	3422
1769	13	3420
1770	7	3426
1771	7	3426
1772	9	3424
1773	9	3424
1774	11	3421
1775	9	3424
1776	12	3419
1777	6	3427
1778	14	3419
1779	7	3426
1780	14	3418
1781	16	3417
1782	9	3424
1783	9	3424
1784	11	3422
1785	9	3424
1786	13	3420
1787	13	3420
1788	15	3418
1789	15	3418
1790	13	3420
1791	8	3425
1792	12	3421
1793	14	3419
1794	17	3416
1795	10	3423
1796	6	3426
1797	7	3425
1798	10	3423
1799	10	3423
1800	18	3415
1801	16	3417
1802	7	3426
1803	9	3424
1804	10	3413
1805	10	3423
1806	11	3422
1807	11	3422
1808	9	3424
1809	13	3420
1810	12	3414
1811	9	3424
1812	12	3421
1813	12	3421
1814	11	3422
1815	4	3429
1816	7	3426
1817	10	3422
1818	10	3423
1819	11	3414
1820	9	3424
1821	12	3421
1822	12	3421
1823	7	3426
1824	14	3419
1825	7	3426
1826	11	3422
1827	6	3427
1828	11	3422
1829	13	3420
1830	10	3423
1831	4	3429
1832	9	3424
1833	11	3422
1834	11	3422
1835	11	3422
1836	11	3422
1837	11	3421
1838	13	3420
1839	5	3428
1840	9	3419
1841	7	3425
1842	6	3426
1843	9	3424
1844	12	3421
1845	10	3423
1846	10	3423
1847	9	3422
1848	11	3421
1849	10	3423
1850	9	3423
1851	12	3421
1852	11	3422
1853	9	3424
1854	9	3424
1855	11	3422
1856	13	3420
1857	7	3426
1858	12	3420
1859	14	3418
1860	9	3424
1861	6	3427
1862	12	3415
1863	13	3419
1864	12	3421
1865	9	3424
1866	11	3422
1867	7	3426
1868	11	3421
1869	9	3424
1870	13	3420
1871	8	3424
1872	12	3421
1873	11	3422
1874	13	3419
1875	13	3420
1876	9	3424
1877	10	3423
1878	13	3419
1879	13	3419
1880	10	3423
1881	8	3425
1882	9	3424
1883	7	3426
1884	12	3421
1885	11	3421
1886	10	3423
1887	9	3424
1888	14	3416
1889	6	3427
1890	8	3425
1891	13	3420
1892	7	3426
1893	7	3426
1894	6	3427
1895	9	3424
1896	7	3426
1897	12	3420
1898	7	3426
1899	7	3425
1900	10	3423
1901	9	3424
1902	8	3425
1903	8	3425
1904	3	3430
1905	9	3424
1906	5	3428
1907	8	3425
1908	10	3422
1909	13	3420
1910	7	3426
1911	9	3424
1912	8	3425
1913	7	3426
1914	10	3423
1915	11	3422
1916	9	3423
1917	7	3426
1918	8	3425
1919	7	3426
1920	12	3421
1921	16	3416
1922	13	3420
1923	9	3424
1924	13	3420
1925	8	3425
1926	9	3424
1927	11	3421
1928	12	3421
1929	9	3424
1930	9	3424
1931	11	3422
1932	9	3424
1933	16	3417
1934	8	3424
1935	11	3422
1936	7	3426
1937	8	3425
1938	8	3424
1939	15	3418
1940	14	3418
1941	9	3423
1942	8	3425
1943	5	3428
1944	9	3424
1945	11	3422
1946	8	3425
1947	7	3425
1948	12	3421
1949	14	3418
1950	7	3426
1951	9	3424
1952	12	3421
1953	7	3426
1954	11	3422
1955	8	3425
1956	13	3420
1957	9	3424
1958	9	3424
1959	10	3423
1960	10	3423
1961	13	3420
1962	10	3423
1963	7	3425
1964	12	3421
1965	10	3423
1966	10	3423
1967	11	3422
1968	10	3423
1969	9	3424
1970	8	3425
1971	5	3428
1972	8	3425
1973	15	3418
1974	11	3417
1975	10	3423
1976	12	3421
1977	10	3423
1978	11	3422
1979	10	3422
1980	10	3423
1981	10	3423
1982	7	3426
1983	11	3421
1984	8	3425
1985	5	3428
1986	10	3422
1987	10	3423
1988	9	3419
1989	10	3423
1990	6	3427
1991	11	3422
1992	6	3427
1993	9	3424
1994	11	3421
1995	10	3423
1996	8	3425
1997	8	3425
1998	13	3420
1999	12	3421
2000	9	3423
2001	5	3428
2002	8	3425
2003	10	3423
2004	10	3423
2005	6	3427
2006	8	3425
2007	9	3424
2008	14	3418
2009	10	3423
2010	7	3425
2011	8	3425
2012	13	3420
2013	11	3422
2014	11	3422
2015	12	3421
2016	8	3424
2017	18	3414
2018	9	3424
2019	8	3425
2020	6	3427
2021	10	3423
2022	10	3422
2023	9	3424
2024	9	3424
2025	12	3421
2026	11	3422
2027	10	3423
2028	7	3426
2029	5	3428
2030	6	3427
2031	7	3426
2032	12	3421
2033	7	3425
2034	11	3422
2035	11	3422
2036	8	3425
2037	11	3421
2038	12	3420
2039	17	3416
2040	10	3423
2041	12	3421
2042	16	3416
2043	15	3418
2044	7	3426
2045	10	3423
2046	11	3422
2047	7	3426
2048	14	3419
2049	13	3420
2050	6	3427
2051	9	3424
2052	10	3423
2053	9	3424
2054	10	3423
2055	8	3425
2056	13	3420
2057	11	3422
2058	7	3426
2059	5	3428
2060	9	3424
2061	5	3428
2062	10	3423
2063	13	3420
2064	10	3422
2065	9	3424
2066	10	3423
2067	14	3419
2068	8	3425
2069	10	3422
2070	9	3424
2071	11	3422
2072	13	3420
2073	6	3426
2074	7	3426
2075	8	3425
2076	14	3419
2077	10	3423
2078	16	3416
2079	12	3421
2080	8	3425
2081	14	3419
2082	9	3424
2083	9	3423
2084	9	3424
2085	6	3427
2086	7	3426
2087	7	3425
2088	12	3421
2089	8	3425
2090	12	3421
2091	8	3424
2092	11	3422
2093	14	3419
2094	8	3425
2095	9	3424
2096	8	3425
2097	12	3420
2098	9	3423
2099	12	3421
2100	9	3424
2101	9	3424
2102	15	3417
2103	8	3424
2104	15	3418
2105	11	3422
2106	7	3426
2107	7	3426
2108	6	3427
2109	6	3427
2110	13	3419
2111	9	3424
2112	11	3422
2113	14	3419
2114	10	3423
2115	10	3423
2116	9	3424
2117	7	3426
2118	10	3423
2119	8	3425
2120	11	3422
2121	3	3430
2122	10	3422
2123	10	3422
2124	8	3424
2125	10	3421
2126	7	3426
2127	15	3418
2128	8	3419
2129	9	3424
2130	7	3426
2131	6	3427
2132	14	3418
2133	10	3423
2134	12	3421
2135	13	3418
2136	7	3426
2137	12	3421
2138	13	3420
2139	12	3421
2140	12	3420
2141	11	3422
2142	8	3425
2143	12	3415
2144	11	3422
2145	11	3422
2146	14	3418
2147	8	3425
2148	7	3426
2149	11	3422
2150	8	3425
2151	11	3422
2152	13	3420
2153	4	3429
2154	11	3422
2155	8	3425
2156	14	3418
2157	11	3422
2158	10	3423
2159	7	3426
2160	18	3414
2161	6	3427
2162	6	3426
2163	16	3411
2164	11	3422
2165	12	3421
2166	12	3421
2167	12	3420
2168	12	3414
2169	10	3423
2170	7	3426
2171	12	3420
2172	12	3421
2173	7	3426
2174	11	3422
2175	7	3426
2176	11	3422
2177	12	3421
2178	10	3423
2179	12	3421
2180	13	3420
2181	13	3420
2182	9	3424
2183	7	3426
2184	6	3427
2185	7	3426
2186	15	3418
2187	12	3420
2188	6	3427
2189	14	3418
2190	9	3424
2191	9	3423
2192	11	3422
2193	8	3424
2194	9	3424
2195	14	3418
2196	9	3424
2197	10	3423
2198	11	3421
2199	9	3424
2200	7	3426
2201	8	3425
2202	12	3421
2203	11	3421
2204	12	3420
2205	14	3417
2206	7	3425
2207	11	3422
2208	14	3419
2209	5	3428
2210	7	3426
2211	12	3421
2212	7	3426
2213	8	3425
2214	8	3425
2215	17	3416
2216	14	3419
2217	8	3424
2218	10	3423
2219	6	3427
2220	4	3429
2221	6	3427
2222	10	3423
2223	12	3416
2224	11	3422
2225	8	3424
2226	8	3425
2227	12	3421
2228	10	3423
2229	13	3419
2230	9	3423
2231	8	3425
2232	10	3417
2233	8	3424
2234	10	3418
2235	8	3424
2236	9	3424
2237	12	3420
2238	14	3418
2239	10	3423
2240	9	3424
2241	17	3415
2242	12	3421
2243	12	3421
2244	8	3425
2245	12	3421
2246	12	3421
2247	13	3420
2248	13	3420
2249	8	3425
2250	14	3419
2251	5	3428
2252	9	3424
2253	9	3424
2254	9	3424
2255	9	3424
2256	9	3424
2257	7	3426
2258	8	3425
2259	12	3421
2260	10	3423
2261	10	3423
2262	14	3419
2263	6	3427
2264	9	3424
2265	8	3425
2266	7	3426
2267	8	3425
2268	11	3422
2269	8	3425
2270	7	3426
2271	8	3425
2272	14	3419
2273	10	3423
2274	9	3423
2275	7	3426
2276	12	3421
2277	7	3426
2278	10	3423
2279	9	3424
2280	9	3422
2281	9	3424
2282	13	3420
2283	6	3427
2284	5	3428
2285	9	3424
2286	6	3426
2287	8	3424
2288	13	3420
2289	10	3423
2290	14	3419
2291	12	3421
2292	8	3425
2293	8	3425
2294	13	3420
2295	17	3416
2296	13	3420
2297	15	3418
2298	9	3424
2299	7	3426
2300	9	3424
2301	5	3428
2302	10	3422
2303	13	3420
2304	8	3425
2305	16	3417
2306	7	3426
2307	9	3424
2308	11	3422
2309	10	3423
2310	7	3426
2311	10	3423
2312	12	3421
2313	6	3427
2314	8	3425
2315	11	3420
2316	9	3424
2317	5	3428
2318	9	3423
2319	7	3426
2320	7	3426
2321	4	3429
2322	12	3421
2323	6	3427
2324	12	3421
2325	6	3427
2326	7	3426
2327	11	3422
2328	11	3422
2329	7	3426
2330	10	3422
2331	7	3426
2332	14	3419
2333	14	3419
2334	12	3419
2335	6	3427
2336	9	3424
2337	16	3417
2338	10	3423
2339	11	3421
2340	12	3421
2341	10	3423
2342	10	3423
2343	8	3425
2344	9	3423
2345	8	3425
2346	13	3420
2347	8	3425
2348	10	3423
2349	6	3427
2350	16	3417
2351	12	3420
2352	9	3424
2353	9	3424
2354	11	3422
2355	11	3422
2356	6	3427
2357	10	3423
2358	12	3415
2359	10	3422
2360	13	3420
2361	8	3424
2362	7	3426
2363	12	3421
2364	15	3417
2365	7	3426
2366	9	3424
2367	13	3420
2368	11	3420
2369	8	3425
2370	9	3423
2371	15	3418
2372	11	3422
2373	12	3421
2374	8	3425
2375	9	3424
2376	3	3430
2377	14	3419
2378	12	3414
2379	10	3422
2380	13	3420
2381	10	3423
2382	12	3421
2383	19	3412
2384	11	3422
2385	13	3418
2386	10	3423
2387	6	3427
2388	8	3424
2389	12	3421
2390	7	3420
2391	7	3426
2392	14	3419
2393	11	3422
2394	7	3426
2395	7	3426
2396	11	3422
2397	11	3422
2398	12	3416
2399	10	3423
2400	10	3416
2401	12	3421
2402	10	3423
2403	7	3426
2404	13	3420
2405	7	3420
2406	10	3423
2407	11	3422
2408	9	3424
2409	9	3424
2410	7	3426
2411	14	3419
2412	10	3422
2413	11	3421
2414	4	3429
2415	6	3427
2416	9	3424
2417	5	3428
2418	11	3422
2419	6	3427
2420	14	3419
2421	10	3423
2422	5	3428
2423	9	3424
2424	11	3422
2425	4	3429
2426	11	3422
2427	12	3421
2428	9	3423
2429	8	3425
2430	8	3425
2431	14	3419
2432	9	3424
2433	10	3422
2434	7	3426
2435	11	3422
2436	6	3427
2437	6	3427
2438	9	3424
2439	10	3423
2440	9	3424
2441	10	3423
2442	8	3425
2443	7	3426
2444	16	3417
2445	15	3418
2446	13	3420
2447	11	3421
2448	11	3421
2449	10	3423
2450	7	3426
2451	10	3423
2452	6	3427
2453	12	3421
2454	10	3423
2455	15	3418
2456	11	3422
2457	14	3419
2458	10	3422
2459	12	3421
2460	12	3421
2461	10	3423
2462	14	3419
2463	13	3420
2464	7	3425
2465	9	3424
2466	10	3423
2467	11	3422
2468	8	3425
2469	6	3427
2470	13	3418
2471	7	3426
2472	9	3424
2473	12	3421
2474	9	3424
2475	13	3419
2476	13	3420
2477	10	3421
2478	10	3423
2479	6	3427
2480	7	3426
2481	7	3426
2482	11	3420
2483	6	3427
2484	13	3420
2485	11	3422
2486	13	3420
2487	11	3422
2488	10	3423
2489	11	3421
2490	11	3422
2491	12	3421
2492	10	3423
2493	10	3422
2494	12	3421
2495	9	3424
2496	9	3424
2497	12	3421
2498	9	3424
2499	9	3423
2500	9	3424
2501	9	3424
2502	8	3425
2503	12	3421
2504	8	3425
2505	6	3427
2506	11	3422
2507	13	3420
2508	10	3423
2509	10	3423
2510	6	3427
2511	13	3419
2512	7	3426
2513	12	3420
2514	4	3429
2515	8	3425
2516	8	3425
2517	7	3426
2518	8	3425
2519	10	3423
2520	12	3421
2521	9	3424
2522	13	3420
2523	14	3419
2524	9	3424
2525	10	3423
2526	5	3428
2527	9	3418
2528	11	3422
2529	8	3425
2530	12	3421
2531	11	3422
2532	8	3425
2533	11	3422
2534	10	3423
2535	10	3423
2536	8	3425
2537	11	3422
2538	8	3425
2539	10	3423
2540	7	3425
2541	11	3422
2542	10	3423
2543	13	3419
2544	11	3422
2545	12	3421
2546	12	3415
2547	13	3420
2548	10	3423
2549	5	3428
2550	12	3421
2551	12	3420
2552	9	3424
2553	6	3427
2554	10	3423
2555	5	3428
2556	9	3424
2557	13	3420
2558	8	3425
2559	7	3426
2560	8	3425
2561	7	3426
2562	9	3424
2563	6	3427
2564	10	3423
2565	9	3424
2566	8	3425
2567	10	3423
2568	9	3424
2569	11	3422
2570	15	3417
2571	9	3424
2572	10	3423
2573	13	3414
2574	10	3423
2575	15	3417
2576	7	3426
2577	15	3418
2578	13	3420
2579	10	3423
2580	7	3421
2581	7	3421
2582	14	3418
2583	13	3419
2584	10	3423
2585	12	3420
2586	9	3424
2587	9	3424
2588	9	3424
2589	7	3426
2590	9	3424
2591	19	3413
2592	8	3425
2593	15	3418
2594	16	3417
2595	6	3427
2596	12	3421
2597	13	3420
2598	10	3422
2599	9	3417
2600	12	3420
2601	7	3426
2602	12	3421
2603	8	3425
2604	11	3422
2605	14	3419
2606	9	3424
2607	11	3422
2608	10	3422
2609	13	3420
2610	12	3421
2611	11	3422
2612	14	3419
2613	11	3421
2614	18	3415
2615	12	3421
2616	11	3422
2617	7	3426
2618	11	3422
2619	8	3425
2620	8	3425
2621	9	3424
2622	10	3423
2623	14	3419
2624	6	3427
2625	8	3425
2626	11	3422
2627	12	3421
2628	18	3414
2629	11	3422
2630	10	3423
2631	7	3426
2632	10	3423
2633	12	3421
2634	12	3421
2635	14	3419
2636	15	3418
2637	9	3424
2638	12	3421
2639	9	3424
2640	10	3423
2641	11	3422
2642	14	3418
2643	9	3423
2644	16	3416
2645	11	3422
2646	10	3423
2647	10	3423
2648	12	3421
2649	7	3426
2650	9	3424
2651	11	3422
2652	9	3424
2653	11	3422
2654	11	3422
2655	11	3422
2656	10	3423
2657	11	3422
2658	12	3421
2659	9	3424
2660	8	3425
2661	8	3424
2662	13	3420
2663	13	3420
2664	9	3424
2665	8	3425
2666	11	3422
2667	11	3422
2668	10	3423
2669	19	3414
2670	10	3422
2671	16	3417
2672	10	3422
2673	13	3420
2674	11	3422
2675	9	3423
2676	13	3420
2677	11	3422
2678	7	3426
2679	14	3419
2680	8	3418
2681	13	3420
2682	6	3427
2683	8	3424
2684	5	3428
2685	8	3424
2686	17	3416
2687	8	3425
2688	10	3423
2689	15	3417
2690	9	3424
2691	10	3423
2692	13	3419
2693	14	3419
2694	9	3424
2695	13	3420
2696	10	3423
2697	10	3423
2698	5	3428
2699	13	3420
2700	11	3422
2701	7	3426
2702	11	3422
2703	8	3425
2704	11	3416
2705	13	3420
2706	11	3422
2707	8	3425
2708	16	3417
2709	8	3425
2710	15	3418
2711	9	3424
2712	10	3423
2713	9	3424
2714	10	3423
2715	6	3427
2716	6	3427
2717	7	3426
2718	10	3423
2719	9	3423
2720	8	3425
2721	8	3419
2722	8	3425
2723	8	3425
2724	7	3426
2725	13	3420
2726	7	3426
2727	7	3426
2728	8	3425
2729	12	3421
2730	8	3425
2731	6	3427
2732	8	3425
2733	12	3420
2734	13	3420
2735	13	3420
2736	10	3423
2737	8	3425
2738	8	3424
2739	15	3418
2740	15	3418
2741	10	3422
2742	5	3428
2743	9	3423
2744	11	3422
2745	9	3424
2746	11	3422
2747	12	3416
2748	13	3420
2749	11	3422
2750	9	3424
2751	10	3423
2752	11	3422
2753	10	3423
2754	8	3425
2755	9	3423
2756	8	3419
2757	7	3426
2758	5	3427
2759	6	3427
2760	10	3423
2761	7	3426
2762	8	3425
2763	15	3418
2764	9	3424
2765	9	3424
2766	7	3426
2767	6	3427
2768	4	3429
2769	9	3424
2770	10	3423
2771	12	3421
2772	10	3423
2773	13	3420
2774	16	3416
2775	9	3424
2776	8	3425
2777	6	3426
2778	13	3415
2779	6	3427
2780	9	3423
2781	13	3420
2782	8	3425
2783	10	3422
2784	5	3428
2785	12	3421
2786	14	3418
2787	7	3426
2788	10	3422
2789	10	3423
2790	11	3422
2791	5	3428
2792	8	3425
2793	5	3428
2794	8	3425
2795	5	3428
2796	8	3425
2797	9	3424
2798	4	3429
2799	16	3415
2800	9	3424
2801	10	3423
2802	16	3417
2803	8	3425
2804	11	3422
2805	13	3420
2806	9	3424
2807	9	3424
2808	11	3422
2809	5	3428
2810	11	3422
2811	8	3425
2812	7	3426
2813	8	3425
2814	12	3421
2815	5	3428
2816	10	3423
2817	8	3420
2818	11	3409
2819	10	3423
2820	9	3424
2821	8	3425
2822	12	3421
2823	10	3423
2824	9	3423
2825	6	3427
2826	9	3424
2827	9	3424
2828	10	3423
2829	10	3423
2830	9	3424
2831	4	3429
2832	9	3424
2833	8	3425
2834	13	3420
2835	7	3426
2836	6	3427
2837	8	3425
2838	10	3423
2839	8	3425
2840	8	3424
2841	11	3416
2842	10	3423
2843	14	3419
2844	7	3425
2845	9	3424
2846	9	3424
2847	10	3423
2848	8	3424
2849	14	3413
2850	12	3421
2851	14	3419
2852	16	3417
2853	11	3422
2854	11	3422
2855	11	3422
2856	7	3426
2857	10	3423
2858	14	3419
2859	12	3421
2860	7	3426
2861	9	3424
2862	12	3420
2863	11	3422
2864	10	3423
2865	12	3421
2866	10	3417
2867	7	3426
2868	11	3422
2869	9	3422
2870	8	3425
2871	13	3420
2872	13	3420
2873	14	3419
2874	9	3423
2875	4	3429
2876	6	3427
2877	11	3422
2878	9	3424
2879	15	3418
2880	13	3419
2881	12	3420
2882	11	3421
2883	14	3419
2884	10	3423
2885	15	3418
2886	8	3425
2887	15	3418
2888	13	3420
2889	12	3421
2890	6	3427
2891	9	3424
2892	11	3422
2893	5	3428
2894	10	3423
2895	11	3422
2896	12	3421
2897	7	3426
2898	7	3426
2899	10	3423
2900	6	3427
2901	9	3424
2902	9	3424
2903	5	3428
2904	6	3427
2905	12	3421
2906	16	3417
2907	14	3418
2908	9	3423
2909	7	3426
2910	11	3422
2911	5	3428
2912	10	3423
2913	10	3422
2914	9	3424
2915	11	3422
2916	7	3426
2917	6	3427
2918	5	3428
2919	9	3424
2920	11	3422
2921	5	3428
2922	8	3425
2923	6	3427
2924	11	3421
2925	13	3420
2926	12	3421
2927	12	3421
2928	9	3424
2929	14	3419
2930	7	3426
2931	8	3425
2932	9	3424
2933	12	3421
2934	8	3424
2935	8	3425
2936	10	3422
2937	10	3423
2938	5	3428
2939	15	3418
2940	12	3419
2941	13	3419
2942	9	3424
2943	6	3427
2944	10	3423
2945	10	3423
2946	10	3423
2947	11	3421
2948	8	3425
2949	15	3418
2950	15	3418
2951	11	3421
2952	6	3427
2953	12	3421
2954	15	3418
2955	12	3420
2956	10	3423
2957	8	3425
2958	9	3423
2959	6	3427
2960	5	3428
2961	8	3425
2962	11	3422
2963	9	3424
2964	5	3428
2965	7	3426
2966	8	3425
2967	8	3425
2968	14	3419
2969	7	3426
2970	11	3422
2971	9	3424
2972	8	3425
2973	9	3424
2974	8	3425
2975	13	3419
2976	10	3423
2977	5	3428
2978	7	3426
2979	11	3422
2980	9	3424
2981	12	3421
2982	13	3420
2983	6	3427
2984	5	3428
2985	9	3424
2986	11	3422
2987	11	3422
2988	10	3423
2989	10	3423
2990	3	3430
2991	6	3427
2992	11	3422
2993	8	3425
2994	10	3423
2995	11	3422
2996	12	3421
2997	14	3419
2998	13	3420
2999	9	3424
3000	5	3428
3001	7	3426
3002	8	3425
3003	10	3423
3004	8	3425
3005	8	3425
3006	14	3419
3007	7	3426
3008	7	3426
3009	8	3425
3010	8	3425
3011	14	3419
3012	9	3424
3013	7	3426
3014	8	3424
3015	10	3423
3016	18	3415
3017	12	3421
3018	13	3420
3019	12	3421
3020	10	3423
3021	7	3426
3022	9	3423
3023	8	3425
3024	11	3422
3025	7	3426
3026	4	3429
3027	13	3420
3028	8	3425
3029	11	3422
3030	9	3423
3031	6	3427
3032	3	3430
3033	10	3423
3034	11	3422
3035	8	3424
3036	10	3423
3037	6	3427
3038	9	3423
3039	8	3419
3040	14	3418
3041	7	3426
3042	10	3423
3043	8	3425
3044	10	3423
3045	10	3423
3046	8	3424
3047	11	3422
3048	4	3429
3049	15	3418
3050	9	3424
3051	9	3424
3052	11	3422
3053	11	3422
3054	14	3418
3055	9	3424
3056	10	3423
3057	5	3428
3058	3	3430
3059	9	3418
3060	11	3422
3061	8	3425
3062	11	3422
3063	6	3427
3064	6	3427
3065	7	3426
3066	10	3423
3067	8	3425
3068	7	3426
3069	7	3426
3070	7	3425
3071	8	3425
3072	15	3418
3073	8	3425
3074	9	3424
3075	14	3419
3076	10	3423
3077	9	3424
3078	10	3423
3079	8	3425
3080	13	3420
3081	12	3421
3082	8	3425
3083	9	3424
3084	13	3420
3085	8	3425
3086	8	3418
3087	13	3420
3088	9	3423
3089	13	3420
3090	8	3425
3091	12	3421
3092	13	3420
3093	15	3418
3094	9	3424
3095	12	3420
3096	9	3424
3097	10	3423
3098	10	3423
3099	10	3423
3100	15	3418
3101	11	3422
3102	14	3419
3103	5	3428
3104	10	3423
3105	10	3418
3106	14	3419
3107	8	3425
3108	10	3423
3109	4	3429
3110	14	3419
3111	13	3420
3112	6	3427
3113	7	3426
3114	11	3422
3115	10	3423
3116	12	3421
3117	8	3425
3118	7	3426
3119	7	3426
3120	13	3420
3121	8	3425
3122	12	3421
3123	6	3427
3124	10	3422
3125	12	3421
3126	9	3424
3127	7	3426
3128	14	3419
3129	11	3421
3130	10	3423
3131	8	3425
3132	8	3425
3133	10	3423
3134	8	3425
3135	12	3421
3136	10	3423
3137	8	3424
3138	8	3425
3139	5	3428
3140	15	3418
3141	7	3426
3142	5	3428
3143	8	3425
3144	8	3425
3145	7	3426
3146	9	3424
3147	10	3422
3148	11	3422
3149	8	3424
3150	8	3425
3151	6	3427
3152	9	3424
3153	10	3423
3154	8	3425
3155	7	3426
3156	12	3421
3157	9	3424
3158	14	3418
3159	8	3425
3160	14	3419
3161	11	3422
3162	14	3419
3163	12	3421
3164	5	3428
3165	6	3427
3166	10	3418
3167	12	3421
3168	8	3424
3169	9	3424
3170	9	3424
3171	12	3421
3172	4	3429
3173	10	3423
3174	6	3427
3175	7	3426
3176	8	3425
3177	9	3424
3178	6	3427
3179	11	3422
3180	6	3427
3181	7	3426
3182	10	3423
3183	10	3423
3184	6	3427
3185	13	3420
3186	10	3423
3187	7	3426
3188	10	3423
3189	5	3428
3190	13	3414
3191	8	3425
3192	11	3422
3193	10	3423
3194	4	3429
3195	11	3422
3196	13	3420
3197	9	3423
3198	7	3426
3199	7	3426
3200	5	3428
3201	10	3423
3202	8	3425
3203	5	3428
3204	8	3425
3205	12	3416
3206	6	3427
3207	5	3428
3208	8	3425
3209	8	3425
3210	8	3419
3211	5	3428
3212	12	3421
3213	9	3424
3214	10	3417
3215	7	3426
3216	7	3426
3217	12	3421
3218	8	3425
3219	8	3425
3220	5	3428
3221	9	3424
3222	6	3427
3223	4	3429
3224	8	3424
3225	10	3423
3226	12	3421
3227	6	3427
3228	9	3424
3229	12	3421
3230	5	3428
3231	14	3419
3232	11	3422
3233	11	3422
3234	6	3426
3235	10	3423
3236	8	3425
3237	7	3425
3238	8	3424
3239	14	3418
3240	13	3420
3241	5	3428
3242	11	3420
3243	10	3423
3244	7	3426
3245	9	3424
3246	11	3422
3247	7	3426
3248	7	3426
3249	7	3426
3250	7	3426
3251	9	3424
3252	9	3424
3253	10	3423
3254	12	3415
3255	7	3426
3256	9	3423
3257	3	3430
3258	13	3420
3259	12	3421
3260	11	3422
3261	6	3427
3262	5	3428
3263	11	3422
3264	10	3423
3265	8	3425
3266	7	3426
3267	8	3425
3268	10	3423
3269	10	3423
3270	9	3424
3271	10	3423
3272	7	3426
3273	13	3419
3274	8	3425
3275	7	3426
3276	12	3421
3277	4	3429
3278	10	3423
3279	7	3426
3280	11	3422
3281	8	3425
3282	6	3427
3283	11	3422
3284	7	3426
3285	6	3427
3286	11	3422
3287	15	3418
3288	8	3425
3289	8	3425
3290	8	3425
3291	5	3428
3292	4	3429
3293	8	3425
3294	9	3423
3295	9	3424
3296	6	3427
3297	9	3424
3298	8	3425
3299	10	3423
3300	6	3427
3301	11	3422
3302	12	3421
3303	16	3417
3304	6	3427
3305	10	3423
3306	8	3425
3307	13	3420
3308	14	3419
3309	9	3424
3310	17	3416
3311	10	3423
3312	9	3424
3313	5	3428
3314	10	3423
3315	9	3424
3316	7	3426
3317	9	3423
3318	12	3420
3319	11	3422
3320	9	3424
3321	15	3418
3322	11	3422
3323	7	3425
3324	17	3415
3325	9	3424
3326	10	3423
3327	7	3426
3328	9	3424
3329	6	3426
3330	9	3424
3331	7	3426
3332	9	3424
3333	10	3423
3334	6	3427
3335	8	3425
3336	10	3423
3337	13	3420
3338	9	3424
3339	9	3424
3340	9	3424
3341	9	3424
3342	9	3424
3343	12	3421
3344	10	3417
3345	6	3427
3346	8	3425
3347	7	3426
3348	6	3427
3349	8	3425
3350	7	3426
3351	12	3421
3352	7	3426
3353	9	3424
3354	9	3424
3355	3	3430
3356	6	3427
3357	7	3426
3358	9	3424
3359	9	3422
3360	9	3424
3361	13	3418
3362	9	3424
3363	11	3422
3364	7	3426
3365	6	3427
3366	6	3427
3367	9	3423
3368	6	3427
3369	11	3422
3370	10	3422
3371	9	3424
3372	9	3424
3373	11	3422
3374	7	3426
3375	11	3422
3376	8	3419
3377	10	3423
3378	5	3428
3379	3	3430
3380	10	3423
3381	12	3420
3382	7	3426
3383	5	3428
3384	10	3423
3385	12	3421
3386	8	3425
3387	9	3424
3388	5	3428
3389	8	3425
3390	5	3428
3391	9	3424
3392	11	3422
3393	10	3423
3394	13	3419
3395	6	3427
3396	7	3426
3397	12	3414
3398	12	3421
3399	7	3425
3400	10	3422
3401	7	3425
3402	10	3423
3403	8	3425
3404	6	3426
3405	14	3418
3406	13	3419
3407	7	3426
3408	13	3420
3409	8	3425
3410	9	3424
3411	10	3423
3412	9	3424
3413	10	3423
3414	9	3424
3415	17	3416
3416	8	3425
3417	8	3425
3418	13	3420
3419	9	3423
3420	7	3426
3421	8	3425
3422	7	3426
3423	4	3429
3424	12	3420
3425	14	3419
3426	5	3428
3427	9	3424
3428	7	3426
3429	9	3424
3430	7	3426
3431	12	3421
3432	15	3417
3433	7	3426
3434	6	3427
3435	10	3423
3436	7	3426
3437	8	3424
3438	5	3428
3439	10	3423
3440	8	3425
3441	6	3427
3442	12	3421
3443	10	3423
3444	11	3422
3445	6	3427
3446	7	3426
3447	10	3423
3448	8	3425
3449	6	3427
3450	7	3426
3451	10	3423
3452	10	3422
3453	13	3420
3454	10	3422
3455	13	3420
3456	8	3425
3457	7	3426
3458	5	3428
3459	8	3424
3460	9	3424
3461	13	3420
3462	14	3419
3463	6	3427
3464	11	3422
3465	13	3420
3466	8	3419
3467	9	3418
3468	6	3427
3469	12	3421
3470	10	3423
3471	5	3428
3472	8	3425
3473	12	3421
3474	8	3425
3475	9	3424
3476	8	3424
3477	6	3427
3478	11	3422
3479	10	3423
3480	8	3425
3481	10	3423
3482	9	3424
3483	5	3428
3484	11	3422
3485	11	3422
3486	10	3423
3487	11	3422
3488	13	3420
3489	4	3429
3490	13	3420
3491	13	3418
3492	7	3426
3493	12	3420
3494	6	3427
3495	9	3424
3496	6	3427
3497	9	3424
3498	7	3425
3499	13	3420
3500	11	3422
3501	10	3423
3502	10	3423
3503	7	3426
3504	9	3424
3505	11	3422
3506	15	3417
3507	11	3422
3508	10	3423
3509	8	3425
3510	11	3422
3511	8	3424
3512	12	3421
3513	12	3421
3514	8	3425
3515	6	3427
3516	9	3424
3517	17	3416
3518	13	3420
3519	14	3419
3520	10	3423
3521	9	3424
3522	9	3423
3523	8	3424
3524	4	3428
3525	12	3421
3526	7	3426
3527	11	3422
3528	12	3421
3529	12	3416
3530	12	3421
3531	11	3422
3532	11	3421
3533	12	3421
3534	5	3428
3535	9	3424
3536	9	3424
3537	13	3420
3538	11	3422
3539	11	3422
3540	9	3423
3541	11	3422
3542	8	3425
3543	12	3421
3544	7	3426
3545	12	3421
3546	7	3426
3547	14	3419
3548	8	3425
3549	8	3425
3550	9	3424
3551	10	3423
3552	8	3425
3553	13	3420
3554	8	3425
3555	13	3420
3556	11	3417
3557	10	3422
3558	14	3419
3559	9	3424
3560	8	3425
3561	11	3422
3562	13	3420
3563	8	3425
3564	7	3426
3565	10	3423
3566	11	3421
3567	9	3424
3568	11	3422
3569	13	3420
3570	10	3423
3571	12	3421
3572	11	3422
3573	12	3421
3574	10	3418
3575	10	3423
3576	16	3417
3577	11	3422
3578	6	3427
3579	11	3421
3580	8	3425
3581	7	3426
3582	10	3423
3583	12	3414
3584	19	3414
3585	16	3416
3586	10	3417
3587	7	3426
3588	10	3422
3589	14	3418
3590	8	3425
3591	10	3423
3592	10	3423
3593	10	3423
3594	11	3422
3595	17	3416
3596	9	3424
3597	13	3420
3598	13	3420
3599	8	3425
3600	11	3422
3601	8	3425
3602	7	3425
3603	13	3418
3604	9	3423
3605	10	3423
3606	8	3425
3607	5	3428
3608	13	3420
3609	15	3418
3610	9	3424
3611	6	3427
3612	7	3426
3613	11	3421
3614	7	3426
3615	10	3423
3616	14	3413
3617	11	3422
3618	12	3421
3619	8	3425
3620	11	3422
3621	13	3413
3622	12	3421
3623	7	3426
3624	9	3419
3625	17	3415
3626	13	3420
3627	9	3424
3628	17	3416
3629	8	3425
3630	6	3427
3631	10	3423
3632	12	3421
3633	17	3416
3634	8	3425
3635	11	3422
3636	11	3422
3637	11	3422
3638	5	3428
3639	9	3424
3640	10	3423
3641	7	3426
3642	11	3422
3643	15	3418
3644	14	3419
3645	7	3426
3646	7	3426
3647	11	3422
3648	6	3427
3649	9	3424
3650	10	3423
3651	10	3423
3652	9	3424
3653	7	3426
3654	10	3423
3655	11	3422
3656	13	3420
3657	15	3418
3658	9	3422
3659	11	3416
3660	12	3421
3661	6	3427
3662	10	3423
3663	11	3422
3664	8	3425
3665	10	3423
3666	9	3424
3667	11	3422
3668	7	3426
3669	7	3426
3670	5	3427
3671	8	3425
3672	7	3426
3673	11	3421
3674	14	3419
3675	16	3417
3676	12	3421
3677	15	3418
3678	11	3422
3679	13	3419
3680	12	3421
3681	10	3423
3682	6	3426
3683	10	3423
3684	18	3414
3685	14	3419
3686	11	3422
3687	9	3424
3688	11	3422
3689	8	3425
3690	12	3421
3691	12	3421
3692	7	3426
3693	9	3424
3694	8	3425
3695	13	3420
3696	12	3421
3697	14	3419
3698	9	3424
3699	8	3425
3700	9	3424
3701	15	3417
3702	11	3422
3703	8	3425
3704	8	3425
3705	11	3422
3706	6	3427
3707	10	3423
3708	14	3419
3709	7	3426
3710	10	3423
3711	11	3422
3712	13	3420
3713	10	3423
3714	8	3425
3715	10	3422
3716	10	3423
3717	10	3423
3718	8	3425
3719	12	3421
3720	9	3424
3721	13	3420
3722	4	3429
3723	9	3424
3724	6	3427
3725	10	3423
3726	7	3426
3727	10	3423
3728	6	3427
3729	12	3421
3730	13	3420
3731	12	3421
3732	7	3426
3733	5	3428
3734	5	3428
3735	8	3425
3736	11	3420
3737	12	3421
3738	13	3420
3739	16	3416
3740	10	3423
3741	9	3424
3742	12	3421
3743	12	3415
3744	8	3425
3745	13	3420
3746	14	3419
3747	9	3423
3748	8	3425
3749	11	3422
3750	12	3421
3751	8	3425
3752	9	3424
3753	13	3420
3754	5	3423
3755	3	3430
3756	9	3424
3757	9	3424
3758	14	3419
3759	9	3423
3760	10	3423
3761	13	3414
3762	14	3419
3763	13	3420
3764	7	3426
3765	12	3420
3766	8	3424
3767	15	3418
3768	15	3418
3769	9	3424
3770	11	3422
3771	9	3424
3772	8	3425
3773	7	3426
3774	11	3422
3775	12	3421
3776	6	3427
3777	14	3419
3778	12	3421
3779	14	3419
3780	9	3424
3781	10	3422
3782	12	3421
3783	14	3419
3784	11	3416
3785	12	3421
3786	13	3420
3787	6	3427
3788	10	3423
3789	11	3422
3790	5	3428
3791	9	3423
3792	10	3423
3793	10	3423
3794	5	3428
3795	6	3427
3796	5	3428
3797	16	3417
3798	11	3422
3799	10	3423
3800	9	3423
3801	7	3425
3802	18	3415
3803	9	3424
3804	7	3426
3805	9	3424
3806	5	3428
3807	14	3419
3808	9	3424
3809	6	3427
3810	7	3426
3811	14	3414
3812	13	3420
3813	12	3421
3814	13	3420
3815	10	3423
3816	10	3422
3817	11	3422
3818	8	3424
3819	14	3419
3820	11	3422
3821	13	3419
3822	12	3421
3823	5	3428
3824	13	3419
3825	10	3423
3826	7	3426
3827	12	3415
3828	7	3426
3829	8	3425
3830	8	3425
3831	17	3415
3832	12	3419
3833	12	3420
3834	12	3421
3835	7	3426
3836	12	3416
3837	13	3420
3838	9	3424
3839	9	3423
3840	7	3426
3841	9	3424
3842	9	3424
3843	6	3427
3844	16	3416
3845	11	3422
3846	17	3414
3847	18	3415
3848	9	3424
3849	9	3424
3850	13	3420
3851	12	3420
3852	7	3426
3853	12	3421
3854	10	3422
3855	8	3425
3856	10	3422
3857	13	3420
3858	7	3426
3859	5	3428
3860	7	3426
3861	11	3422
3862	10	3423
3863	15	3418
3864	12	3420
3865	9	3424
3866	6	3427
3867	11	3422
3868	7	3426
3869	9	3424
3870	9	3424
3871	8	3425
3872	11	3422
3873	6	3426
3874	6	3427
3875	20	3413
3876	11	3422
3877	12	3421
3878	4	3429
3879	14	3418
3880	6	3427
3881	17	3416
3882	7	3426
3883	9	3424
3884	8	3425
3885	8	3425
3886	8	3425
3887	9	3424
3888	9	3423
3889	8	3425
3890	11	3422
3891	12	3421
3892	14	3418
3893	12	3421
3894	13	3419
3895	11	3422
3896	14	3419
3897	13	3420
3898	8	3425
3899	14	3419
3900	10	3423
3901	9	3423
3902	4	3429
3903	6	3427
3904	15	3417
3905	7	3425
3906	16	3417
3907	11	3422
3908	8	3425
3909	9	3424
3910	9	3424
3911	10	3423
3912	13	3420
3913	8	3425
3914	9	3424
3915	8	3424
3916	12	3421
3917	10	3422
3918	9	3424
3919	8	3425
3920	6	3427
3921	12	3421
3922	10	3423
3923	8	3425
3924	8	3425
3925	10	3423
3926	10	3422
3927	11	3422
3928	11	3422
3929	10	3423
3930	11	3422
3931	6	3427
3932	9	3422
3933	15	3417
3934	10	3423
3935	14	3419
3936	12	3421
3937	11	3422
3938	7	3426
3939	9	3424
3940	11	3421
3941	13	3420
3942	10	3423
3943	12	3421
3944	9	3423
3945	8	3425
3946	12	3421
3947	9	3419
3948	16	3417
3949	8	3424
3950	6	3426
3951	12	3421
3952	14	3419
3953	7	3426
3954	9	3424
3955	8	3425
3956	12	3421
3957	5	3428
3958	11	3422
3959	7	3426
3960	11	3421
3961	8	3425
3962	13	3420
3963	11	3422
3964	14	3419
3965	8	3425
3966	11	3422
3967	9	3424
3968	11	3422
3969	9	3424
3970	16	3417
3971	7	3426
3972	10	3422
3973	7	3426
3974	9	3424
3975	11	3417
3976	15	3418
3977	11	3422
3978	13	3419
3979	13	3418
3980	7	3425
3981	14	3419
3982	7	3426
3983	13	3420
3984	7	3426
3985	13	3420
3986	8	3425
3987	12	3421
3988	12	3421
3989	9	3423
3990	11	3422
3991	9	3424
3992	10	3421
3993	9	3424
3994	9	3424
3995	10	3423
3996	12	3421
3997	6	3427
3998	11	3422
3999	13	3420
4000	7	3425
4001	11	3422
4002	10	3422
4003	10	3423
4004	14	3419
4005	9	3423
4006	14	3418
4007	12	3421
4008	10	3423
4009	11	3422
4010	11	3422
4011	16	3417
4012	10	3421
4013	17	3416
4014	11	3421
4015	9	3424
4016	13	3420
4017	17	3415
4018	11	3422
4019	18	3415
4020	10	3423
4021	12	3420
4022	7	3426
4023	8	3425
4024	14	3419
4025	16	3415
4026	15	3418
4027	14	3419
4028	12	3420
4029	11	3422
4030	5	3428
4031	10	3423
4032	11	3422
4033	10	3423
4034	12	3421
4035	12	3420
4036	18	3415
4037	14	3419
4038	12	3421
4039	16	3417
4040	14	3419
4041	10	3423
4042	12	3421
4043	8	3425
4044	8	3425
4045	11	3422
4046	6	3427
4047	12	3421
4048	8	3425
4049	9	3423
4050	13	3420
4051	12	3421
4052	5	3428
4053	12	3421
4054	10	3423
4055	15	3418
4056	10	3423
4057	8	3424
4058	14	3419
4059	6	3427
4060	12	3421
4061	6	3427
4062	11	3422
4063	14	3419
4064	10	3423
4065	8	3425
4066	7	3426
4067	8	3425
4068	9	3424
4069	3	3430
4070	13	3420
4071	16	3417
4072	11	3421
4073	13	3420
4074	9	3424
4075	8	3425
4076	10	3423
4077	12	3420
4078	8	3425
4079	7	3426
4080	11	3422
4081	11	3422
4082	11	3422
4083	10	3423
4084	10	3423
4085	13	3420
4086	13	3419
4087	9	3424
4088	8	3425
4089	9	3424
4090	7	3426
4091	6	3427
4092	14	3419
4093	9	3422
4094	10	3423
4095	11	3422
4096	4	3429
4097	11	3422
4098	10	3423
4099	12	3421
4100	13	3420
4101	13	3420
4102	14	3419
4103	14	3419
4104	12	3421
4105	16	3410
4106	5	3428
4107	12	3421
4108	12	3407
4109	11	3422
4110	11	3422
4111	14	3418
4112	11	3421
4113	12	3421
4114	13	3420
4115	10	3423
4116	6	3427
4117	14	3419
4118	10	3423
4119	6	3427
4120	12	3421
4121	12	3421
4122	9	3423
4123	5	3428
4124	6	3427
4125	9	3424
4126	9	3424
4127	10	3423
4128	6	3427
4129	9	3424
4130	12	3421
4131	6	3427
4132	9	3424
4133	7	3425
4134	10	3423
4135	9	3424
4136	7	3426
4137	10	3423
4138	11	3421
4139	11	3421
4140	7	3426
4141	13	3420
4142	12	3421
4143	10	3422
4144	11	3422
4145	10	3422
4146	7	3426
4147	8	3425
4148	8	3425
4149	12	3421
4150	12	3420
4151	9	3423
4152	8	3425
4153	8	3425
4154	15	3418
4155	8	3425
4156	15	3418
4157	13	3419
4158	7	3426
4159	8	3425
4160	8	3425
4161	8	3425
4162	5	3428
4163	9	3424
4164	11	3422
4165	11	3416
4166	7	3426
4167	10	3417
4168	10	3422
4169	9	3424
4170	13	3420
4171	8	3425
4172	8	3424
4173	9	3424
4174	6	3427
4175	11	3422
4176	12	3421
4177	12	3421
4178	12	3421
4179	13	3420
4180	10	3423
4181	7	3426
4182	7	3426
4183	9	3424
4184	11	3421
4185	7	3426
4186	14	3419
4187	14	3419
4188	14	3419
4189	9	3424
4190	11	3421
4191	11	3417
4192	8	3425
4193	10	3423
4194	10	3423
4195	7	3425
4196	9	3424
4197	8	3425
4198	5	3428
4199	11	3422
4200	6	3427
4201	10	3423
4202	14	3419
4203	8	3425
4204	9	3424
4205	12	3420
4206	10	3423
4207	15	3418
4208	11	3422
4209	10	3423
4210	11	3422
4211	13	3420
4212	9	3424
4213	16	3411
4214	12	3421
4215	7	3426
4216	9	3423
4217	10	3423
4218	20	3412
4219	8	3425
4220	9	3424
4221	14	3418
4222	11	3422
4223	4	3429
4224	5	3428
4225	16	3416
4226	9	3423
4227	9	3424
4228	8	3425
4229	16	3417
4230	15	3418
4231	13	3420
4232	17	3416
4233	14	3419
4234	8	3425
4235	12	3420
4236	12	3421
4237	15	3418
4238	6	3427
4239	10	3423
4240	14	3419
4241	11	3422
4242	12	3421
4243	12	3421
4244	10	3423
4245	13	3419
4246	7	3426
4247	13	3420
4248	11	3421
4249	11	3422
4250	9	3424
4251	12	3421
4252	13	3419
4253	10	3423
4254	11	3422
4255	12	3421
4256	7	3426
4257	7	3426
4258	11	3421
4259	8	3425
4260	12	3421
4261	10	3423
4262	12	3421
4263	12	3421
4264	8	3425
4265	9	3424
4266	8	3424
4267	9	3424
4268	12	3421
4269	7	3426
4270	6	3426
4271	16	3417
4272	11	3421
4273	12	3421
4274	11	3420
4275	11	3422
4276	10	3422
4277	10	3422
4278	8	3425
4279	8	3425
4280	15	3417
4281	11	3421
4282	8	3425
4283	13	3419
4284	15	3417
4285	12	3421
4286	11	3422
4287	11	3422
4288	6	3427
4289	12	3421
4290	7	3426
4291	13	3420
4292	13	3420
4293	12	3416
4294	8	3425
4295	9	3423
4296	11	3421
4297	12	3421
4298	15	3417
4299	9	3424
4300	8	3425
4301	15	3416
4302	11	3422
4303	14	3419
4304	10	3423
4305	11	3422
4306	12	3421
4307	10	3423
4308	13	3420
4309	11	3422
4310	11	3422
4311	13	3420
4312	13	3420
4313	8	3425
4314	11	3422
4315	12	3421
4316	10	3423
4317	9	3424
4318	10	3423
4319	9	3424
4320	10	3423
4321	15	3418
4322	11	3422
4323	11	3421
4324	13	3420
4325	11	3422
4326	14	3419
4327	8	3424
4328	17	3416
4329	11	3422
4330	13	3420
4331	12	3420
4332	18	3414
4333	12	3421
4334	13	3420
4335	11	3422
4336	15	3418
4337	15	3418
4338	11	3422
4339	10	3423
4340	10	3423
4341	14	3419
4342	12	3421
4343	16	3416
4344	11	3422
4345	11	3416
4346	10	3421
4347	15	3418
4348	14	3419
4349	14	3418
4350	15	3418
4351	16	3417
4352	18	3414
4353	21	3412
4354	13	3420
4355	11	3422
4356	12	3419
4357	18	3415
4358	16	3417
4359	8	3425
4360	9	3424
4361	12	3421
4362	14	3419
4363	13	3419
4364	11	3421
4365	14	3418
4366	16	3417
4367	16	3417
4368	11	3421
4369	12	3419
4370	14	3419
4371	15	3418
4372	12	3421
4373	8	3425
4374	13	3420
4375	11	3422
4376	14	3419
4377	18	3415
4378	10	3418
4379	15	3417
4380	13	3420
4381	9	3424
4382	17	3416
4383	13	3420
4384	8	3424
4385	7	3425
4386	15	3413
4387	10	3423
4388	17	3416
4389	11	3421
4390	8	3425
4391	13	3420
4392	9	3424
4393	7	3426
4394	10	3423
4395	10	3423
4396	14	3419
4397	14	3419
4398	14	3419
4399	12	3421
4400	17	3416
4401	7	3426
4402	13	3420
4403	10	3423
4404	8	3425
4405	8	3423
4406	15	3418
4407	12	3421
4408	16	3416
4409	9	3424
4410	15	3418
4411	8	3425
4412	15	3418
4413	13	3420
4414	13	3420
4415	10	3423
4416	14	3419
4417	10	3423
4418	7	3426
4419	12	3421
4420	9	3424
4421	10	3423
4422	13	3420
4423	13	3420
4424	13	3420
4425	13	3420
4426	18	3415
4427	9	3424
4428	14	3419
4429	8	3425
4430	9	3424
4431	9	3424
4432	10	3423
4433	14	3419
4434	10	3423
4435	12	3421
4436	16	3411
4437	16	3417
4438	11	3422
4439	13	3415
4440	10	3415
4441	11	3421
4442	13	3420
4443	11	3422
4444	12	3421
4445	12	3420
4446	12	3421
4447	8	3425
4448	21	3412
4449	18	3415
4450	10	3423
4451	10	3423
4452	7	3426
4453	13	3420
4454	12	3421
4455	17	3410
4456	15	3418
4457	15	3417
4458	17	3416
4459	11	3422
4460	7	3426
4461	11	3422
4462	6	3427
4463	9	3423
4464	12	3420
4465	6	3427
4466	14	3419
4467	12	3421
4468	8	3425
4469	14	3419
4470	11	3422
4471	15	3418
4472	9	3424
4473	16	3411
4474	10	3423
4475	13	3419
4476	16	3417
4477	14	3418
4478	10	3422
4479	12	3421
4480	6	3427
4481	9	3424
4482	10	3422
4483	12	3420
4484	13	3420
4485	15	3417
4486	13	3420
4487	13	3420
4488	13	3420
4489	14	3419
4490	12	3421
4491	6	3427
4492	7	3426
4493	13	3420
4494	12	3421
4495	8	3425
4496	9	3424
4497	11	3421
4498	13	3420
4499	12	3420
4500	10	3423
4501	8	3425
4502	8	3425
4503	8	3425
4504	13	3420
4505	8	3425
4506	13	3420
4507	11	3422
4508	9	3424
4509	12	3420
4510	12	3421
4511	9	3424
4512	11	3422
4513	14	3419
4514	12	3421
4515	15	3418
4516	10	3423
4517	10	3423
4518	12	3421
4519	9	3424
4520	9	3423
4521	13	3419
4522	11	3421
4523	13	3419
4524	14	3419
4525	6	3426
4526	9	3423
4527	9	3424
4528	10	3422
4529	11	3422
4530	9	3424
4531	10	3423
4532	10	3423
4533	12	3421
4534	13	3420
4535	15	3418
4536	12	3421
4537	11	3422
4538	9	3424
4539	6	3427
4540	9	3424
4541	14	3419
4542	12	3421
4543	9	3423
4544	12	3420
4545	9	3423
4546	10	3423
4547	10	3423
4548	14	3418
4549	11	3422
4550	8	3425
4551	9	3417
4552	10	3422
4553	8	3424
4554	12	3421
4555	16	3417
4556	18	3415
4557	9	3424
4558	7	3426
4559	11	3421
4560	15	3418
4561	12	3421
4562	9	3424
4563	15	3418
4564	12	3421
4565	7	3426
4566	7	3426
4567	8	3425
4568	10	3423
4569	11	3421
4570	7	3426
4571	12	3420
4572	9	3424
4573	9	3424
4574	8	3425
4575	6	3427
4576	9	3424
4577	7	3426
4578	15	3418
4579	8	3425
4580	10	3423
4581	4	3429
4582	5	3428
4583	6	3426
4584	14	3419
4585	10	3423
4586	11	3422
4587	7	3426
4588	9	3423
4589	10	3422
4590	8	3424
4591	13	3420
4592	8	3425
4593	5	3428
4594	6	3427
4595	17	3416
4596	16	3417
4597	8	3425
4598	9	3424
4599	8	3425
4600	8	3424
4601	7	3426
4602	8	3425
4603	8	3424
4604	9	3423
4605	5	3427
4606	12	3421
4607	6	3427
4608	11	3422
4609	11	3422
4610	5	3428
4611	17	3416
4612	6	3426
4613	11	3422
4614	10	3423
4615	7	3426
4616	8	3425
4617	7	3426
4618	9	3424
4619	7	3420
4620	9	3424
4621	11	3421
4622	9	3424
4623	9	3423
4624	11	3422
4625	13	3418
4626	12	3421
4627	7	3426
4628	12	3421
4629	12	3415
4630	10	3423
4631	11	3421
4632	16	3417
4633	10	3417
4634	8	3425
4635	8	3425
4636	7	3426
4637	13	3420
4638	11	3421
4639	8	3425
4640	8	3425
4641	10	3423
4642	8	3425
4643	13	3420
4644	14	3419
4645	9	3423
4646	8	3425
4647	9	3423
4648	11	3422
4649	12	3421
4650	10	3417
4651	12	3421
4652	11	3422
4653	12	3414
4654	14	3419
4655	11	3420
4656	8	3425
4657	10	3423
4658	9	3424
4659	8	3425
4660	7	3426
4661	6	3427
4662	10	3423
4663	7	3425
4664	12	3419
4665	10	3423
4666	9	3422
4667	11	3422
4668	15	3411
4669	9	3424
4670	11	3422
4671	6	3427
4672	9	3424
4673	12	3421
4674	8	3425
4675	6	3427
4676	7	3426
4677	16	3416
4678	11	3422
4679	9	3424
4680	8	3425
4681	9	3424
4682	9	3423
4683	12	3421
4684	10	3423
4685	12	3421
4686	7	3426
4687	11	3422
4688	12	3420
4689	10	3422
4690	18	3415
4691	12	3420
4692	12	3421
4693	11	3422
4694	10	3423
4695	6	3426
4696	10	3423
4697	13	3420
4698	11	3422
4699	10	3423
4700	3	3429
4701	13	3420
4702	9	3423
4703	11	3422
4704	8	3425
4705	13	3419
4706	3	3430
4707	11	3422
4708	11	3422
4709	11	3421
4710	10	3423
4711	10	3423
4712	11	3420
4713	13	3419
4714	11	3422
4715	14	3419
4716	8	3425
4717	6	3427
4718	10	3423
4719	6	3427
4720	8	3425
4721	12	3421
4722	14	3418
4723	9	3424
4724	10	3423
4725	11	3422
4726	15	3413
4727	10	3423
4728	9	3424
4729	15	3416
4730	9	3423
4731	13	3420
4732	9	3424
4733	10	3422
4734	12	3420
4735	8	3425
4736	9	3424
4737	10	3422
4738	8	3425
4739	8	3425
4740	11	3421
4741	10	3423
4742	12	3421
4743	13	3415
4744	12	3421
4745	12	3421
4746	9	3424
4747	14	3418
4748	8	3425
4749	6	3427
4750	8	3425
4751	12	3421
4752	7	3425
4753	6	3427
4754	10	3423
4755	7	3426
4756	7	3426
4757	6	3427
4758	12	3420
4759	7	3426
4760	5	3427
4761	8	3425
4762	9	3422
4763	13	3419
4764	11	3422
4765	16	3416
4766	15	3418
4767	7	3426
4768	11	3421
4769	11	3420
4770	14	3419
4771	8	3425
4772	15	3417
4773	11	3422
4774	6	3427
4775	9	3423
4776	12	3420
4777	6	3427
4778	15	3412
4779	9	3419
4780	13	3420
4781	11	3422
4782	9	3424
4783	10	3423
4784	11	3421
4785	7	3425
4786	8	3425
4787	9	3424
4788	10	3422
4789	12	3421
4790	9	3424
4791	9	3424
4792	10	3423
4793	15	3418
4794	10	3423
4795	10	3423
4796	11	3422
4797	9	3423
4798	11	3422
