# Timestep	Num_Clusters	Max_Cluster_Size
0	13	3420
1	12	3421
2	16	3416
3	10	3422
4	16	3416
5	13	3412
6	10	3422
7	13	3415
8	5	3428
9	12	3418
10	10	3423
11	11	3420
12	16	3415
13	15	3417
14	12	3420
15	11	3420
16	12	3421
17	13	3420
18	15	3416
19	11	3421
20	13	3420
21	9	3424
22	8	3425
23	12	3420
24	18	3415
25	12	3420
26	7	3426
27	16	3417
28	13	3420
29	12	3421
30	9	3424
31	9	3424
32	11	3422
33	9	3424
34	10	3422
35	12	3421
36	15	3413
37	16	3416
38	13	3418
39	10	3422
40	19	3414
41	11	3422
42	11	3420
43	8	3424
44	10	3423
45	18	3415
46	17	3416
47	8	3425
48	15	3416
49	13	3414
50	12	3420
51	9	3424
52	9	3424
53	15	3418
54	11	3420
55	13	3420
56	10	3423
57	11	3422
58	10	3423
59	16	3416
60	17	3415
61	12	3421
62	12	3421
63	12	3419
64	19	3408
65	12	3420
66	15	3418
67	12	3421
68	10	3421
69	15	3418
70	14	3419
71	11	3422
72	11	3422
73	14	3419
74	18	3414
75	10	3422
76	12	3421
77	9	3423
78	13	3419
79	11	3422
80	10	3422
81	9	3424
82	12	3421
83	8	3425
84	11	3422
85	12	3421
86	12	3421
87	7	3426
88	6	3426
89	10	3422
90	13	3419
91	7	3426
92	13	3419
93	14	3419
94	12	3421
95	13	3420
96	13	3420
97	14	3419
98	10	3423
99	17	3416
100	8	3425
101	16	3416
102	12	3421
103	13	3419
104	15	3418
105	11	3422
106	13	3418
107	10	3423
108	16	3415
109	11	3422
110	8	3425
111	11	3422
112	12	3421
113	10	3423
114	10	3417
115	13	3420
116	12	3419
117	14	3419
118	9	3424
119	14	3418
120	9	3424
121	11	3422
122	6	3427
123	11	3422
124	11	3421
125	14	3418
126	13	3419
127	10	3421
128	16	3410
129	11	3422
130	15	3416
131	19	3413
132	7	3426
133	8	3424
134	18	3414
135	9	3424
136	12	3421
137	11	3422
138	10	3423
139	8	3425
140	13	3420
141	8	3423
142	12	3420
143	11	3422
144	11	3422
145	12	3420
146	10	3423
147	8	3425
148	12	3419
149	15	3416
150	11	3416
151	9	3422
152	8	3425
153	7	3426
154	17	3416
155	9	3424
156	14	3416
157	16	3417
158	12	3413
159	10	3423
160	8	3424
161	6	3427
162	7	3426
163	10	3423
164	10	3423
165	12	3421
166	14	3419
167	9	3423
168	13	3414
169	7	3426
170	9	3424
171	9	3424
172	10	3423
173	8	3425
174	11	3421
175	14	3418
176	6	3427
177	7	3424
178	12	3420
179	10	3422
180	13	3420
181	11	3422
182	9	3423
183	6	3427
184	11	3422
185	10	3422
186	9	3424
187	14	3419
188	10	3422
189	10	3423
190	9	3424
191	15	3412
192	11	3422
193	7	3426
194	6	3426
195	10	3423
196	16	3417
197	9	3424
198	18	3415
199	9	3424
200	13	3420
201	12	3419
202	16	3417
203	8	3424
204	8	3425
205	11	3416
206	20	3412
207	21	3412
208	12	3418
209	16	3416
210	11	3421
211	8	3421
212	12	3420
213	9	3424
214	15	3412
215	9	3424
216	7	3426
217	15	3417
218	12	3421
219	16	3417
220	13	3420
221	20	3413
222	10	3423
223	17	3415
224	4	3429
225	10	3421
226	13	3420
227	7	3426
228	12	3421
229	13	3419
230	6	3427
231	9	3424
232	14	3419
233	12	3421
234	8	3424
235	17	3416
236	10	3422
237	13	3420
238	9	3424
239	17	3416
240	10	3423
241	9	3422
242	15	3416
243	13	3418
244	7	3426
245	12	3421
246	14	3419
247	9	3424
248	13	3419
249	8	3425
250	15	3418
251	19	3412
252	10	3423
253	13	3415
254	14	3419
255	14	3419
256	10	3423
257	13	3420
258	13	3420
259	12	3421
260	10	3423
261	6	3427
262	11	3421
263	10	3423
264	12	3419
265	14	3417
266	13	3418
267	14	3419
268	9	3424
269	9	3424
270	14	3418
271	6	3426
272	10	3423
273	9	3424
274	8	3424
275	9	3424
276	12	3421
277	11	3422
278	12	3421
279	18	3414
280	12	3421
281	9	3424
282	12	3421
283	14	3412
284	11	3422
285	13	3419
286	11	3421
287	13	3420
288	13	3419
289	12	3421
290	12	3421
291	16	3417
292	11	3422
293	9	3424
294	16	3416
295	18	3415
296	15	3418
297	10	3423
298	17	3414
299	12	3420
300	16	3416
301	14	3418
302	17	3415
303	16	3416
304	9	3423
305	10	3423
306	12	3420
307	12	3421
308	11	3421
309	15	3418
310	18	3413
311	17	3416
312	18	3414
313	15	3417
314	7	3426
315	17	3416
316	12	3416
317	10	3423
318	10	3423
319	11	3421
320	15	3418
321	11	3421
322	9	3421
323	13	3420
324	20	3411
325	12	3420
326	11	3422
327	14	3417
328	5	3427
329	9	3422
330	14	3419
331	13	3413
332	11	3422
333	14	3417
334	11	3421
335	11	3422
336	12	3421
337	10	3422
338	14	3418
339	11	3420
340	14	3419
341	15	3417
342	11	3421
343	17	3416
344	16	3417
345	9	3424
346	11	3420
347	15	3417
348	16	3416
349	13	3420
350	15	3418
351	17	3416
352	9	3424
353	11	3421
354	17	3414
355	20	3413
356	16	3415
357	10	3423
358	10	3423
359	13	3420
360	10	3423
361	10	3423
362	10	3423
363	11	3422
364	10	3418
365	8	3424
366	12	3420
367	11	3422
368	11	3422
369	15	3418
370	15	3415
371	15	3416
372	15	3418
373	10	3423
374	10	3423
375	11	3422
376	14	3418
377	15	3417
378	6	3427
379	13	3420
380	10	3423
381	16	3416
382	19	3411
383	12	3421
384	10	3422
385	10	3423
386	14	3419
387	11	3421
388	9	3424
389	11	3422
390	12	3420
391	11	3422
392	7	3425
393	14	3419
394	13	3417
395	12	3421
396	12	3419
397	17	3414
398	12	3421
399	11	3422
400	9	3424
401	16	3415
402	11	3422
403	19	3414
404	16	3416
405	18	3414
406	10	3422
407	10	3423
408	15	3416
409	13	3420
410	10	3417
411	14	3419
412	5	3427
413	11	3422
414	19	3413
415	13	3419
416	21	3411
417	10	3423
418	13	3419
419	12	3419
420	12	3421
421	19	3413
422	16	3417
423	11	3422
424	13	3419
425	16	3417
426	9	3424
427	15	3418
428	12	3420
429	14	3419
430	21	3411
431	16	3416
432	8	3425
433	14	3417
434	10	3423
435	11	3422
436	9	3422
437	10	3423
438	11	3421
439	17	3415
440	11	3421
441	7	3426
442	11	3421
443	11	3420
444	14	3419
445	12	3421
446	10	3422
447	12	3421
448	11	3421
449	14	3418
450	9	3424
451	18	3414
452	8	3425
453	16	3417
454	14	3418
455	14	3419
456	10	3423
457	12	3421
458	8	3424
459	16	3417
460	7	3426
461	14	3419
462	9	3423
463	6	3426
464	11	3420
465	8	3425
466	10	3423
467	9	3424
468	16	3416
469	15	3418
470	4	3429
471	14	3418
472	11	3422
473	12	3418
474	13	3420
475	8	3425
476	8	3425
477	7	3424
478	10	3423
479	12	3420
480	16	3416
481	14	3418
482	13	3420
483	19	3414
484	8	3419
485	12	3420
486	11	3422
487	15	3416
488	15	3418
489	15	3416
490	11	3420
491	13	3419
492	15	3418
493	11	3421
494	13	3419
495	8	3425
496	14	3413
497	9	3422
498	15	3417
499	12	3421
500	15	3417
501	14	3419
502	12	3418
503	14	3418
504	12	3421
505	13	3420
506	7	3426
507	17	3415
508	12	3418
509	15	3417
510	4	3429
511	12	3420
512	11	3422
513	11	3421
514	14	3419
515	7	3426
516	10	3423
517	10	3423
518	7	3421
519	13	3418
520	13	3420
521	9	3422
522	14	3418
523	18	3412
524	10	3423
525	11	3422
526	16	3416
527	20	3412
528	13	3420
529	10	3423
530	14	3418
531	17	3416
532	11	3422
533	11	3415
534	15	3417
535	13	3420
536	11	3421
537	14	3419
538	13	3420
539	11	3422
540	15	3417
541	5	3427
542	16	3416
543	13	3418
544	10	3422
545	12	3421
546	15	3417
547	13	3419
548	15	3413
549	11	3422
550	12	3421
551	13	3418
552	16	3416
553	9	3424
554	13	3419
555	12	3421
556	11	3420
557	13	3420
558	10	3423
559	9	3424
560	12	3420
561	11	3422
562	14	3418
563	14	3419
564	11	3422
565	15	3412
566	11	3422
567	18	3415
568	11	3421
569	16	3416
570	9	3424
571	10	3423
572	10	3420
573	15	3417
574	9	3423
575	9	3424
576	12	3421
577	8	3425
578	12	3421
579	11	3422
580	13	3420
581	15	3417
582	4	3429
583	10	3423
584	11	3422
585	15	3418
586	13	3420
587	10	3423
588	12	3421
589	15	3418
590	13	3420
591	9	3419
592	13	3419
593	12	3420
594	14	3418
595	14	3419
596	16	3416
597	13	3420
598	18	3415
599	10	3422
600	14	3419
601	13	3418
602	12	3419
603	10	3423
604	7	3426
605	11	3422
606	12	3421
607	18	3415
608	15	3417
609	7	3425
610	11	3422
611	11	3422
612	11	3421
613	14	3419
614	8	3425
615	10	3423
616	12	3421
617	12	3419
618	23	3408
619	13	3413
620	12	3420
621	11	3422
622	15	3418
623	9	3424
624	11	3422
625	9	3424
626	13	3420
627	13	3415
628	13	3420
629	12	3421
630	10	3423
631	13	3420
632	12	3420
633	13	3420
634	12	3420
635	9	3424
636	15	3418
637	11	3422
638	16	3416
639	8	3424
640	9	3423
641	13	3420
642	8	3425
643	11	3421
644	9	3424
645	12	3421
646	15	3418
647	8	3425
648	9	3424
649	12	3421
650	14	3417
651	9	3424
652	9	3424
653	14	3419
654	11	3421
655	8	3425
656	13	3415
657	10	3423
658	17	3415
659	19	3413
660	10	3423
661	12	3421
662	7	3426
663	10	3423
664	17	3416
665	10	3422
666	13	3420
667	11	3422
668	10	3423
669	11	3422
670	16	3417
671	11	3421
672	14	3414
673	12	3421
674	9	3424
675	8	3425
676	12	3420
677	10	3422
678	12	3420
679	11	3422
680	17	3416
681	10	3423
682	13	3419
683	12	3420
684	8	3425
685	14	3414
686	11	3422
687	16	3417
688	14	3419
689	17	3415
690	14	3416
691	7	3426
692	16	3417
693	8	3425
694	12	3421
695	11	3421
696	12	3420
697	9	3423
698	14	3418
699	10	3423
700	7	3426
701	6	3427
702	7	3426
703	7	3421
704	12	3420
705	10	3423
706	10	3422
707	10	3421
708	11	3422
709	16	3416
710	8	3424
711	16	3417
712	12	3421
713	14	3418
714	17	3416
715	12	3421
716	9	3424
717	12	3421
718	16	3416
719	9	3424
720	13	3420
721	12	3420
722	13	3420
723	13	3418
724	7	3426
725	10	3423
726	12	3421
727	11	3421
728	13	3420
729	13	3418
730	16	3417
731	7	3426
732	9	3424
733	18	3410
734	9	3424
735	15	3418
736	18	3415
737	14	3419
738	15	3418
739	17	3416
740	11	3421
741	10	3421
742	12	3420
743	10	3422
744	13	3420
745	10	3423
746	14	3419
747	15	3414
748	13	3419
749	9	3423
750	13	3420
751	14	3413
752	7	3426
753	14	3419
754	14	3418
755	13	3420
756	16	3416
757	12	3421
758	9	3424
759	10	3423
760	10	3423
761	11	3414
762	9	3424
763	19	3412
764	8	3424
765	7	3426
766	4	3425
767	11	3422
768	7	3426
769	11	3416
770	9	3423
771	12	3415
772	9	3424
773	9	3424
774	12	3421
775	14	3418
776	11	3421
777	13	3420
778	13	3420
779	8	3424
780	12	3421
781	9	3424
782	13	3420
783	13	3420
784	5	3428
785	16	3412
786	8	3425
787	12	3420
788	10	3422
789	14	3419
790	11	3421
791	12	3420
792	9	3424
793	15	3418
794	9	3424
795	12	3420
796	11	3422
797	13	3420
798	10	3423
799	15	3418
800	6	3427
801	7	3426
802	8	3425
803	18	3413
804	9	3424
805	5	3428
806	12	3420
807	15	3418
808	15	3417
809	7	3426
810	11	3422
811	10	3423
812	10	3422
813	10	3423
814	14	3418
815	9	3424
816	13	3419
817	3	3429
818	11	3422
819	16	3417
820	16	3417
821	7	3426
822	11	3421
823	7	3425
824	9	3424
825	9	3424
826	8	3425
827	10	3423
828	12	3421
829	6	3427
830	14	3414
831	13	3419
832	14	3418
833	7	3426
834	9	3424
835	10	3423
836	7	3425
837	10	3423
838	9	3423
839	7	3426
840	16	3417
841	9	3424
842	12	3421
843	8	3425
844	11	3422
845	14	3418
846	9	3423
847	14	3419
848	10	3423
849	10	3418
850	9	3424
851	13	3420
852	6	3427
853	11	3422
854	13	3420
855	11	3422
856	12	3421
857	13	3414
858	8	3425
859	10	3422
860	14	3419
861	9	3423
862	8	3424
863	13	3417
864	7	3426
865	9	3424
866	8	3425
867	10	3423
868	13	3420
869	8	3424
870	6	3427
871	10	3423
872	13	3419
873	9	3424
874	1	3432
875	7	3421
876	11	3422
877	11	3422
878	12	3420
879	11	3422
880	7	3426
881	10	3422
882	7	3425
883	10	3423
884	9	3423
885	13	3419
886	14	3418
887	8	3425
888	10	3423
889	8	3423
890	13	3420
891	11	3421
892	10	3423
893	13	3419
894	8	3425
895	13	3419
896	13	3419
897	11	3422
898	9	3424
899	8	3425
900	10	3423
901	9	3424
902	9	3424
903	14	3418
904	13	3411
905	15	3414
906	12	3420
907	11	3421
908	12	3421
909	9	3424
910	9	3421
911	11	3422
912	6	3427
913	8	3424
914	14	3418
915	11	3421
916	12	3420
917	11	3422
918	16	3416
919	10	3423
920	11	3422
921	9	3424
922	18	3413
923	13	3420
924	10	3421
925	15	3418
926	12	3421
927	13	3419
928	16	3416
929	12	3421
930	14	3419
931	12	3421
932	15	3418
933	10	3423
934	16	3416
935	10	3423
936	11	3421
937	16	3415
938	7	3426
939	15	3418
940	9	3424
941	6	3427
942	14	3419
943	16	3416
944	13	3420
945	16	3411
946	12	3421
947	13	3420
948	18	3413
949	11	3420
950	13	3420
951	14	3419
952	9	3424
953	14	3414
954	11	3421
955	13	3420
956	11	3421
957	11	3422
958	13	3420
959	10	3423
960	11	3421
961	13	3420
962	17	3416
963	10	3421
964	7	3425
965	8	3424
966	13	3419
967	10	3423
968	12	3420
969	8	3425
970	13	3420
971	9	3423
972	6	3427
973	9	3424
974	14	3419
975	9	3424
976	12	3421
977	14	3419
978	13	3420
979	12	3421
980	8	3425
981	11	3422
982	11	3422
983	14	3418
984	12	3418
985	11	3416
986	17	3415
987	11	3422
988	12	3421
989	9	3422
990	10	3423
991	11	3419
992	6	3426
993	14	3419
994	6	3427
995	9	3424
996	8	3425
997	6	3427
998	14	3419
999	7	3426
1000	10	3423
1001	13	3419
1002	14	3418
1003	10	3422
1004	6	3427
1005	14	3419
1006	9	3423
1007	19	3411
1008	9	3424
1009	13	3420
1010	9	3424
1011	9	3424
1012	12	3421
1013	10	3423
1014	6	3427
1015	11	3422
1016	9	3424
1017	9	3424
1018	11	3420
1019	14	3418
1020	9	3424
1021	9	3423
1022	6	3427
1023	11	3422
1024	11	3421
1025	8	3425
1026	15	3418
1027	13	3420
1028	14	3419
1029	12	3420
1030	7	3425
1031	10	3423
1032	16	3417
1033	8	3425
1034	10	3423
1035	13	3420
1036	14	3419
1037	10	3422
1038	16	3416
1039	10	3423
1040	10	3423
1041	9	3424
1042	14	3417
1043	11	3422
1044	13	3420
1045	10	3420
1046	10	3423
1047	6	3427
1048	9	3422
1049	10	3423
1050	9	3424
1051	8	3424
1052	13	3418
1053	13	3420
1054	8	3425
1055	10	3423
1056	16	3416
1057	13	3419
1058	11	3422
1059	13	3420
1060	7	3426
1061	12	3421
1062	11	3422
1063	10	3423
1064	9	3424
1065	12	3421
1066	10	3422
1067	15	3418
1068	6	3427
1069	16	3417
1070	5	3428
1071	10	3423
1072	9	3424
1073	9	3422
1074	13	3420
1075	8	3425
1076	12	3421
1077	11	3422
1078	10	3423
1079	13	3419
1080	5	3428
1081	14	3418
1082	9	3423
1083	11	3422
1084	9	3424
1085	13	3420
1086	13	3420
1087	14	3419
1088	14	3418
1089	15	3418
1090	10	3418
1091	6	3427
1092	11	3420
1093	9	3423
1094	14	3419
1095	10	3423
1096	8	3424
1097	8	3425
1098	13	3420
1099	11	3422
1100	4	3429
1101	9	3423
1102	12	3420
1103	12	3421
1104	11	3422
1105	11	3422
1106	8	3425
1107	10	3423
1108	10	3423
1109	9	3424
1110	14	3413
1111	9	3423
1112	8	3424
1113	10	3423
1114	10	3423
1115	14	3419
1116	10	3423
1117	14	3418
1118	7	3426
1119	7	3426
1120	12	3420
1121	10	3423
1122	12	3421
1123	16	3417
1124	13	3419
1125	13	3419
1126	12	3421
1127	14	3419
1128	8	3424
1129	10	3423
1130	13	3415
1131	14	3419
1132	12	3421
1133	9	3424
1134	4	3429
1135	15	3418
1136	7	3426
1137	7	3426
1138	12	3421
1139	12	3420
1140	9	3424
1141	12	3421
1142	8	3424
1143	11	3421
1144	10	3423
1145	10	3422
1146	9	3424
1147	11	3421
1148	10	3423
1149	6	3427
1150	15	3418
1151	8	3425
1152	10	3422
1153	7	3426
1154	13	3420
1155	12	3421
1156	7	3426
1157	13	3420
1158	10	3423
1159	13	3420
1160	12	3419
1161	10	3418
1162	13	3412
1163	10	3423
1164	11	3421
1165	11	3422
1166	13	3420
1167	14	3419
1168	13	3420
1169	9	3422
1170	11	3421
1171	10	3421
1172	14	3419
1173	7	3425
1174	13	3418
1175	13	3419
1176	16	3417
1177	7	3426
1178	9	3424
1179	10	3423
1180	12	3415
1181	14	3419
1182	9	3424
1183	13	3419
1184	10	3423
1185	11	3422
1186	16	3416
1187	12	3421
1188	16	3417
1189	12	3420
1190	11	3422
1191	12	3421
1192	10	3423
1193	13	3420
1194	8	3422
1195	11	3422
1196	10	3423
1197	13	3419
1198	8	3424
1199	8	3425
1200	9	3424
1201	14	3419
1202	11	3422
1203	13	3420
1204	12	3421
1205	12	3421
1206	6	3427
1207	9	3423
1208	14	3417
1209	10	3423
1210	15	3418
1211	13	3419
1212	7	3426
1213	13	3420
1214	9	3424
1215	11	3422
1216	13	3419
1217	10	3423
1218	8	3425
1219	14	3419
1220	9	3424
1221	9	3424
1222	15	3417
1223	11	3422
1224	12	3421
1225	12	3421
1226	13	3420
1227	12	3419
1228	8	3425
1229	12	3421
1230	13	3420
1231	14	3419
1232	13	3419
1233	10	3423
1234	10	3423
1235	9	3418
1236	9	3424
1237	10	3423
1238	9	3423
1239	12	3420
1240	14	3418
1241	10	3423
1242	9	3424
1243	11	3422
1244	11	3422
1245	15	3417
1246	10	3423
1247	11	3422
1248	15	3417
1249	12	3421
1250	13	3420
1251	8	3425
1252	12	3421
1253	8	3424
1254	15	3417
1255	11	3422
1256	9	3424
1257	12	3421
1258	14	3412
1259	10	3423
1260	12	3420
1261	15	3418
1262	19	3414
1263	19	3414
1264	15	3417
1265	12	3421
1266	8	3425
1267	12	3421
1268	15	3416
1269	8	3425
1270	9	3424
1271	13	3419
1272	10	3422
1273	14	3418
1274	13	3419
1275	8	3424
1276	12	3421
1277	13	3418
1278	10	3423
1279	9	3424
1280	11	3419
1281	11	3421
1282	12	3421
1283	8	3423
1284	10	3423
1285	12	3421
1286	11	3422
1287	12	3421
1288	11	3421
1289	9	3424
1290	11	3422
1291	11	3422
1292	12	3421
1293	11	3422
1294	9	3424
1295	10	3422
1296	14	3419
1297	12	3420
1298	15	3418
1299	9	3424
1300	6	3427
1301	13	3419
1302	12	3421
1303	13	3420
1304	14	3418
1305	15	3418
1306	11	3422
1307	10	3422
1308	9	3424
1309	17	3416
1310	7	3426
1311	13	3420
1312	12	3421
1313	10	3423
1314	9	3424
1315	13	3419
1316	13	3420
1317	6	3427
1318	14	3418
1319	7	3426
1320	9	3423
1321	14	3419
1322	15	3418
1323	9	3423
1324	12	3414
1325	12	3421
1326	11	3422
1327	10	3422
1328	11	3421
1329	8	3425
1330	16	3417
1331	11	3422
1332	8	3425
1333	9	3423
1334	14	3419
1335	16	3417
1336	12	3415
1337	12	3420
1338	11	3420
1339	16	3417
1340	12	3421
1341	8	3425
1342	8	3425
1343	11	3422
1344	11	3422
1345	6	3427
1346	12	3421
1347	12	3421
1348	8	3425
1349	17	3415
1350	13	3420
1351	8	3425
1352	9	3424
1353	6	3427
1354	10	3423
1355	12	3420
1356	16	3417
1357	11	3422
1358	13	3420
1359	11	3416
1360	8	3425
1361	10	3423
1362	4	3429
1363	10	3422
1364	13	3420
1365	14	3419
1366	11	3421
1367	14	3419
1368	11	3422
1369	3	3430
1370	14	3418
1371	14	3419
1372	7	3426
1373	7	3426
1374	16	3417
1375	12	3421
1376	14	3417
1377	9	3424
1378	14	3418
1379	5	3428
1380	11	3417
1381	11	3422
1382	12	3420
1383	10	3423
1384	20	3402
1385	11	3421
1386	10	3423
1387	17	3416
1388	10	3423
1389	13	3419
1390	16	3417
1391	7	3426
1392	15	3418
1393	15	3417
1394	10	3423
1395	9	3423
1396	17	3410
1397	14	3419
1398	15	3418
1399	13	3420
1400	7	3426
1401	11	3422
1402	12	3421
1403	12	3421
1404	18	3415
1405	15	3418
1406	10	3422
1407	11	3422
1408	13	3420
1409	7	3426
1410	14	3413
1411	12	3414
1412	8	3425
1413	10	3423
1414	10	3422
1415	8	3425
1416	11	3421
1417	17	3411
1418	9	3423
1419	8	3423
1420	12	3419
1421	13	3420
1422	17	3415
1423	11	3422
1424	10	3422
1425	9	3423
1426	10	3423
1427	10	3423
1428	11	3422
1429	12	3420
1430	11	3416
1431	9	3423
1432	14	3419
1433	12	3420
1434	11	3421
1435	11	3421
1436	9	3424
1437	10	3422
1438	8	3425
1439	8	3425
1440	7	3425
1441	8	3424
1442	10	3422
1443	8	3425
1444	14	3419
1445	12	3421
1446	10	3422
1447	10	3422
1448	12	3421
1449	13	3419
1450	6	3427
1451	14	3418
1452	10	3423
1453	13	3420
1454	8	3425
1455	12	3420
1456	13	3420
1457	12	3421
1458	9	3424
1459	5	3426
1460	8	3425
1461	12	3421
1462	8	3425
1463	11	3422
1464	11	3421
1465	9	3424
1466	9	3424
1467	16	3416
1468	11	3421
1469	13	3420
1470	13	3420
1471	9	3423
1472	14	3417
1473	10	3423
1474	10	3422
1475	8	3425
1476	10	3423
1477	11	3421
1478	10	3423
1479	8	3425
1480	12	3420
1481	20	3411
1482	9	3424
1483	14	3418
1484	9	3424
1485	15	3418
1486	9	3424
1487	15	3418
1488	8	3425
1489	9	3423
1490	13	3420
1491	9	3424
1492	11	3420
1493	9	3424
1494	16	3417
1495	4	3429
1496	11	3422
1497	12	3420
1498	8	3425
1499	10	3423
1500	9	3424
1501	11	3422
1502	9	3424
1503	12	3420
1504	6	3427
1505	15	3418
1506	10	3422
1507	10	3423
1508	8	3425
1509	11	3417
1510	8	3425
1511	9	3418
1512	8	3425
1513	11	3422
1514	17	3416
1515	11	3422
1516	8	3425
1517	10	3421
1518	7	3420
1519	11	3422
1520	12	3421
1521	11	3422
1522	10	3423
1523	8	3425
1524	14	3419
1525	12	3421
1526	9	3424
1527	10	3423
1528	6	3427
1529	12	3420
1530	10	3423
1531	10	3422
1532	11	3421
1533	13	3420
1534	12	3420
1535	8	3425
1536	15	3417
1537	13	3419
1538	4	3429
1539	10	3423
1540	8	3424
1541	20	3413
1542	12	3421
1543	11	3421
1544	12	3421
1545	10	3423
1546	13	3419
1547	15	3418
1548	8	3424
1549	15	3418
1550	9	3424
1551	12	3421
1552	10	3422
1553	9	3423
1554	11	3417
1555	10	3423
1556	9	3424
1557	8	3424
1558	17	3416
1559	11	3421
1560	14	3418
1561	11	3421
1562	13	3419
1563	11	3422
1564	10	3423
1565	13	3420
1566	8	3425
1567	8	3425
1568	9	3424
1569	11	3420
1570	6	3427
1571	7	3426
1572	16	3417
1573	14	3419
1574	11	3422
1575	8	3425
1576	9	3424
1577	11	3422
1578	5	3428
1579	12	3420
1580	8	3424
1581	13	3415
1582	5	3428
1583	10	3422
1584	11	3422
1585	11	3421
1586	10	3422
1587	9	3424
1588	11	3422
1589	13	3418
1590	12	3421
1591	10	3423
1592	12	3420
1593	10	3423
1594	8	3424
1595	4	3429
1596	8	3421
1597	8	3425
1598	17	3413
1599	8	3425
1600	10	3423
1601	14	3419
1602	12	3421
1603	11	3421
1604	10	3423
1605	11	3421
1606	15	3418
1607	7	3426
1608	9	3422
1609	13	3420
1610	13	3419
1611	13	3419
1612	11	3421
1613	14	3418
1614	12	3421
1615	11	3421
1616	17	3410
1617	11	3417
1618	12	3420
1619	9	3424
1620	8	3425
1621	8	3425
1622	7	3420
1623	14	3419
1624	12	3420
1625	8	3421
1626	8	3425
1627	11	3422
1628	12	3420
1629	9	3424
1630	11	3417
1631	9	3419
1632	11	3422
1633	15	3417
1634	14	3414
1635	15	3415
1636	7	3426
1637	11	3421
1638	10	3422
1639	12	3421
1640	6	3427
1641	17	3416
1642	11	3422
1643	15	3418
1644	4	3429
1645	6	3427
1646	10	3423
1647	2	3431
1648	10	3423
1649	7	3425
1650	14	3417
1651	16	3417
1652	8	3425
1653	12	3420
1654	10	3423
1655	9	3418
1656	10	3417
1657	8	3424
1658	8	3424
1659	11	3422
1660	12	3420
1661	9	3424
1662	12	3420
1663	10	3422
1664	6	3427
1665	17	3413
1666	9	3424
1667	8	3425
1668	9	3424
1669	15	3418
1670	9	3423
1671	5	3428
1672	12	3421
1673	7	3426
1674	9	3418
1675	14	3419
1676	11	3416
1677	11	3420
1678	11	3422
1679	8	3423
1680	1	3432
1681	4	3429
1682	16	3414
1683	10	3417
1684	6	3426
1685	10	3423
1686	12	3420
1687	9	3423
1688	10	3423
1689	14	3419
1690	13	3419
1691	14	3418
1692	14	3418
1693	7	3426
1694	9	3424
1695	15	3417
1696	14	3419
1697	9	3424
1698	14	3417
1699	10	3423
1700	13	3420
1701	10	3423
1702	17	3415
1703	6	3427
1704	10	3423
1705	13	3415
1706	8	3425
1707	9	3424
1708	14	3418
1709	13	3419
1710	12	3420
1711	15	3417
1712	11	3421
1713	19	3413
1714	10	3417
1715	15	3418
1716	15	3417
1717	12	3421
1718	13	3420
1719	8	3425
1720	13	3420
1721	10	3423
1722	13	3419
1723	12	3414
1724	12	3420
1725	11	3422
1726	7	3426
1727	7	3426
1728	12	3421
1729	6	3427
1730	9	3424
1731	9	3424
1732	17	3414
1733	7	3426
1734	14	3412
1735	7	3425
1736	8	3425
1737	9	3424
1738	11	3422
1739	12	3421
1740	11	3422
1741	10	3422
1742	12	3421
1743	12	3421
1744	9	3424
1745	8	3425
1746	7	3426
1747	11	3421
1748	8	3424
1749	10	3423
1750	6	3427
1751	11	3422
1752	11	3422
1753	11	3422
1754	14	3417
1755	7	3425
1756	8	3425
1757	13	3418
1758	12	3421
1759	8	3425
1760	9	3424
1761	5	3427
1762	10	3422
1763	12	3421
1764	14	3419
1765	7	3426
1766	17	3416
1767	9	3424
1768	8	3424
1769	9	3422
1770	12	3421
1771	11	3422
1772	6	3427
1773	12	3420
1774	6	3427
1775	14	3418
1776	14	3406
1777	8	3425
1778	10	3423
1779	14	3418
1780	8	3425
1781	8	3425
1782	10	3423
1783	14	3416
1784	12	3421
1785	9	3424
1786	13	3420
1787	12	3421
1788	11	3422
1789	10	3417
1790	14	3419
1791	9	3424
1792	13	3420
1793	10	3422
1794	8	3425
1795	9	3423
1796	9	3424
1797	17	3416
1798	13	3420
1799	9	3423
1800	9	3423
1801	8	3425
1802	12	3416
1803	9	3423
1804	7	3426
1805	13	3420
1806	8	3425
1807	5	3422
1808	8	3425
1809	13	3420
1810	12	3421
1811	9	3424
1812	13	3419
1813	12	3421
1814	20	3411
1815	7	3426
1816	12	3420
1817	13	3420
1818	17	3415
1819	14	3414
1820	16	3417
1821	15	3412
1822	11	3422
1823	7	3426
1824	15	3418
1825	8	3425
1826	9	3424
1827	8	3425
1828	11	3421
1829	10	3422
1830	8	3425
1831	14	3419
1832	11	3420
1833	6	3427
1834	10	3422
1835	7	3426
1836	8	3424
1837	14	3417
1838	8	3425
1839	10	3422
1840	8	3425
1841	14	3419
1842	11	3422
1843	14	3416
1844	14	3419
1845	13	3413
1846	12	3421
1847	8	3424
1848	12	3420
1849	11	3422
1850	11	3421
1851	10	3421
1852	7	3426
1853	12	3421
1854	12	3420
1855	11	3422
1856	6	3427
1857	11	3421
1858	7	3426
1859	14	3419
1860	7	3425
1861	11	3416
1862	14	3413
1863	8	3425
1864	7	3425
1865	9	3424
1866	7	3426
1867	13	3419
1868	13	3419
1869	14	3413
1870	14	3418
1871	9	3424
1872	13	3420
1873	11	3421
1874	14	3418
1875	6	3427
1876	9	3424
1877	9	3424
1878	10	3423
1879	11	3422
1880	11	3422
1881	10	3417
1882	10	3422
1883	8	3424
1884	12	3420
1885	13	3419
1886	7	3426
1887	13	3420
1888	10	3423
1889	13	3419
1890	10	3423
1891	11	3422
1892	13	3419
1893	17	3414
1894	13	3418
1895	12	3421
1896	16	3417
1897	11	3422
1898	11	3422
1899	13	3419
1900	13	3420
1901	6	3427
1902	11	3422
1903	11	3422
1904	11	3421
1905	7	3426
1906	8	3425
1907	11	3421
1908	9	3424
1909	10	3422
1910	13	3420
1911	8	3425
1912	11	3422
1913	9	3424
1914	14	3419
1915	9	3422
1916	4	3429
1917	11	3422
1918	6	3427
1919	8	3425
1920	11	3421
1921	10	3423
1922	11	3422
1923	6	3422
1924	15	3417
1925	8	3425
1926	7	3426
1927	8	3424
1928	11	3420
1929	14	3418
1930	9	3423
1931	16	3416
1932	9	3424
1933	13	3419
1934	15	3418
1935	6	3426
1936	12	3420
1937	16	3417
1938	7	3426
1939	12	3416
1940	9	3423
1941	14	3412
1942	10	3421
1943	11	3422
1944	12	3421
1945	12	3421
1946	9	3423
1947	9	3424
1948	10	3423
1949	13	3420
1950	13	3418
1951	7	3425
1952	13	3420
1953	9	3424
1954	7	3425
1955	5	3428
1956	9	3418
1957	10	3423
1958	10	3423
1959	8	3425
1960	7	3425
1961	11	3422
1962	6	3427
1963	6	3427
1964	10	3423
1965	13	3417
1966	11	3422
1967	7	3426
1968	11	3421
1969	14	3419
1970	10	3423
1971	7	3425
1972	10	3423
1973	14	3418
1974	9	3424
1975	10	3423
1976	16	3416
1977	16	3417
1978	15	3418
1979	11	3422
1980	9	3424
1981	12	3421
1982	16	3417
1983	6	3426
1984	12	3420
1985	13	3420
1986	10	3423
1987	6	3427
1988	10	3423
1989	10	3423
1990	7	3425
1991	11	3422
1992	10	3423
1993	13	3420
1994	9	3424
1995	11	3421
1996	5	3428
1997	14	3419
1998	12	3421
1999	12	3421
2000	9	3424
2001	10	3423
2002	12	3420
2003	10	3423
2004	7	3425
2005	6	3427
2006	13	3420
2007	13	3420
2008	8	3425
2009	8	3424
2010	8	3425
2011	13	3419
2012	7	3421
2013	8	3425
2014	4	3429
2015	9	3424
2016	12	3421
2017	7	3426
2018	11	3422
2019	12	3420
2020	12	3421
2021	11	3422
2022	8	3425
2023	13	3420
2024	9	3424
2025	7	3425
2026	8	3425
2027	11	3421
2028	10	3423
2029	8	3425
2030	11	3422
2031	7	3426
2032	12	3421
2033	11	3421
2034	8	3424
2035	9	3424
2036	11	3422
2037	12	3421
2038	8	3425
2039	12	3421
2040	6	3427
2041	10	3422
2042	12	3421
2043	6	3427
2044	7	3426
2045	10	3423
2046	11	3422
2047	13	3420
2048	8	3425
2049	11	3421
2050	9	3424
2051	10	3423
2052	9	3424
2053	8	3424
2054	10	3423
2055	6	3425
2056	8	3425
2057	16	3416
2058	13	3419
2059	9	3424
2060	5	3428
2061	8	3425
2062	9	3423
2063	10	3423
2064	16	3417
2065	10	3423
2066	12	3421
2067	8	3425
2068	5	3427
2069	15	3417
2070	10	3423
2071	8	3425
2072	8	3425
2073	11	3421
2074	12	3421
2075	13	3420
2076	10	3423
2077	6	3427
2078	16	3412
2079	7	3426
2080	11	3422
2081	13	3420
2082	13	3420
2083	12	3421
2084	8	3425
2085	13	3419
2086	12	3421
2087	10	3423
2088	8	3425
2089	9	3424
2090	13	3420
2091	13	3419
2092	9	3424
2093	12	3420
2094	9	3424
2095	11	3422
2096	7	3425
2097	12	3416
2098	10	3423
2099	8	3425
2100	8	3425
2101	11	3422
2102	12	3420
2103	10	3423
2104	14	3419
2105	4	3429
2106	8	3424
2107	15	3407
2108	8	3425
2109	11	3422
2110	13	3420
2111	14	3419
2112	8	3425
2113	4	3429
2114	12	3421
2115	11	3422
2116	6	3427
2117	5	3428
2118	8	3425
2119	13	3417
2120	14	3419
2121	13	3420
2122	5	3428
2123	11	3422
2124	12	3421
2125	7	3426
2126	7	3426
2127	13	3420
2128	9	3424
2129	11	3421
2130	6	3427
2131	8	3425
2132	15	3418
2133	8	3420
2134	6	3427
2135	14	3419
2136	13	3420
2137	15	3418
2138	12	3421
2139	10	3423
2140	8	3424
2141	13	3418
2142	15	3418
2143	11	3422
2144	7	3425
2145	10	3423
2146	16	3415
2147	15	3417
2148	8	3425
2149	11	3422
2150	9	3424
2151	9	3424
2152	13	3420
2153	9	3424
2154	7	3426
2155	19	3414
2156	8	3425
2157	10	3423
2158	9	3424
2159	11	3422
2160	10	3423
2161	11	3422
2162	18	3414
2163	10	3423
2164	13	3419
2165	10	3423
2166	9	3424
2167	13	3420
2168	6	3427
2169	10	3423
2170	12	3421
2171	9	3423
2172	16	3417
2173	12	3421
2174	9	3422
2175	9	3424
2176	10	3423
2177	13	3420
2178	12	3421
2179	12	3415
2180	16	3417
2181	11	3421
2182	15	3418
2183	11	3422
2184	17	3415
2185	7	3426
2186	13	3420
2187	13	3420
2188	7	3426
2189	12	3420
2190	7	3426
2191	12	3421
2192	17	3416
2193	15	3418
2194	8	3423
2195	11	3422
2196	12	3420
2197	13	3420
2198	14	3419
2199	7	3425
2200	11	3421
2201	9	3419
2202	10	3421
2203	15	3416
2204	12	3421
2205	9	3424
2206	10	3423
2207	11	3422
2208	7	3425
2209	15	3418
2210	10	3423
2211	13	3420
2212	15	3418
2213	16	3417
2214	9	3424
2215	13	3420
2216	8	3425
2217	11	3422
2218	11	3422
2219	11	3422
2220	13	3419
2221	12	3416
2222	9	3424
2223	12	3421
2224	12	3421
2225	18	3414
2226	18	3414
2227	14	3418
2228	9	3423
2229	9	3424
2230	10	3423
2231	13	3420
2232	14	3419
2233	11	3421
2234	14	3418
2235	11	3417
2236	16	3417
2237	14	3419
2238	13	3420
2239	6	3426
2240	14	3419
2241	8	3425
2242	10	3423
2243	11	3421
2244	12	3421
2245	9	3424
2246	11	3422
2247	12	3421
2248	13	3419
2249	12	3421
2250	18	3415
2251	15	3418
2252	8	3425
2253	5	3428
2254	9	3423
2255	15	3418
2256	11	3422
2257	10	3423
2258	15	3418
2259	11	3422
2260	12	3420
2261	9	3424
2262	13	3420
2263	9	3424
2264	11	3422
2265	15	3418
2266	14	3418
2267	9	3424
2268	15	3418
2269	12	3420
2270	11	3422
2271	11	3421
2272	10	3423
2273	9	3424
2274	10	3423
2275	8	3425
2276	6	3427
2277	14	3419
2278	9	3418
2279	10	3423
2280	10	3423
2281	9	3424
2282	14	3419
2283	12	3415
2284	7	3426
2285	11	3421
2286	13	3419
2287	12	3420
2288	13	3420
2289	13	3420
2290	14	3419
2291	16	3417
2292	13	3417
2293	17	3416
2294	9	3424
2295	10	3422
2296	11	3421
2297	11	3422
2298	19	3412
2299	10	3423
2300	19	3413
2301	15	3418
2302	17	3416
2303	11	3422
2304	7	3426
2305	16	3416
2306	15	3418
2307	14	3419
2308	13	3419
2309	9	3424
2310	11	3421
2311	12	3421
2312	12	3420
2313	14	3419
2314	13	3420
2315	12	3421
2316	11	3422
2317	14	3419
2318	12	3421
2319	16	3416
2320	20	3413
2321	7	3416
2322	7	3426
2323	11	3422
2324	5	3428
2325	14	3413
2326	6	3426
2327	12	3420
2328	13	3420
2329	13	3420
2330	11	3421
2331	10	3422
2332	12	3421
2333	14	3419
2334	13	3420
2335	6	3427
2336	10	3423
2337	12	3421
2338	13	3420
2339	12	3420
2340	6	3427
2341	11	3421
2342	8	3425
2343	11	3422
2344	15	3418
2345	11	3422
2346	11	3421
2347	14	3419
2348	12	3421
2349	14	3419
2350	8	3425
2351	12	3421
2352	11	3420
2353	15	3412
2354	6	3427
2355	15	3418
2356	15	3418
2357	13	3419
2358	10	3423
2359	9	3424
2360	16	3417
2361	9	3424
2362	10	3423
2363	13	3420
2364	12	3421
2365	5	3428
2366	9	3424
2367	13	3420
2368	13	3418
2369	10	3423
2370	10	3423
2371	14	3419
2372	8	3425
2373	10	3423
2374	17	3414
2375	10	3423
2376	11	3416
2377	10	3423
2378	10	3423
2379	11	3422
2380	11	3421
2381	12	3421
2382	12	3420
2383	12	3421
2384	11	3421
2385	14	3418
2386	11	3422
2387	12	3420
2388	8	3425
2389	8	3420
2390	12	3421
2391	9	3422
2392	9	3424
2393	9	3424
2394	13	3419
2395	11	3422
2396	17	3415
2397	12	3419
2398	10	3423
2399	13	3420
2400	14	3419
2401	9	3424
2402	11	3422
2403	11	3422
2404	13	3420
2405	10	3422
2406	10	3423
2407	16	3411
2408	8	3425
2409	13	3420
2410	14	3419
2411	13	3420
2412	12	3421
2413	11	3422
2414	15	3418
2415	10	3423
2416	10	3423
2417	11	3422
2418	9	3423
2419	15	3417
2420	6	3427
2421	12	3420
2422	12	3421
2423	13	3420
2424	8	3424
2425	8	3425
2426	15	3418
2427	8	3423
2428	12	3421
2429	12	3421
2430	12	3421
2431	12	3421
2432	11	3422
2433	13	3420
2434	14	3419
2435	10	3422
2436	9	3424
2437	14	3419
2438	12	3421
2439	9	3418
2440	13	3420
2441	9	3423
2442	16	3410
2443	8	3425
2444	12	3421
2445	9	3423
2446	13	3420
2447	8	3423
2448	8	3425
2449	12	3421
2450	13	3420
2451	10	3422
2452	7	3426
2453	10	3423
2454	9	3423
2455	12	3419
2456	13	3420
2457	14	3413
2458	13	3419
2459	10	3423
2460	16	3417
2461	7	3426
2462	12	3420
2463	14	3418
2464	16	3417
2465	8	3425
2466	11	3422
2467	8	3425
2468	13	3419
2469	11	3422
2470	7	3426
2471	12	3421
2472	9	3424
2473	13	3418
2474	6	3427
2475	10	3422
2476	8	3425
2477	5	3428
2478	5	3423
2479	19	3414
2480	11	3421
2481	8	3425
2482	8	3425
2483	9	3424
2484	8	3425
2485	7	3425
2486	10	3423
2487	7	3426
2488	12	3420
2489	13	3420
2490	10	3422
2491	12	3421
2492	11	3421
2493	12	3420
2494	15	3418
2495	6	3427
2496	15	3413
2497	6	3427
2498	9	3424
2499	9	3424
2500	14	3419
2501	11	3422
2502	14	3419
2503	9	3423
2504	7	3426
2505	12	3421
2506	10	3423
2507	9	3423
2508	15	3418
2509	10	3423
2510	14	3419
2511	12	3421
2512	14	3419
2513	14	3419
2514	13	3419
2515	10	3423
2516	13	3420
2517	14	3419
2518	8	3425
2519	13	3419
2520	12	3421
2521	7	3426
2522	6	3427
2523	8	3425
2524	7	3426
2525	10	3423
2526	7	3426
2527	11	3416
2528	10	3423
2529	6	3427
2530	10	3422
2531	10	3422
2532	10	3423
2533	14	3418
2534	9	3424
2535	14	3419
2536	14	3418
2537	8	3425
2538	8	3425
2539	12	3421
2540	11	3422
2541	8	3425
2542	8	3425
2543	14	3419
2544	17	3416
2545	8	3425
2546	15	3418
2547	5	3428
2548	11	3422
2549	14	3419
2550	10	3423
2551	12	3421
2552	12	3421
2553	11	3420
2554	10	3422
2555	14	3419
2556	8	3420
2557	11	3422
2558	11	3422
2559	13	3415
2560	10	3423
2561	12	3421
2562	11	3422
2563	9	3424
2564	11	3422
2565	13	3420
2566	10	3422
2567	7	3426
2568	14	3418
2569	9	3419
2570	12	3419
2571	15	3418
2572	14	3418
2573	11	3422
2574	10	3422
2575	17	3416
2576	14	3419
2577	5	3427
2578	11	3422
2579	10	3422
2580	16	3415
2581	5	3428
2582	7	3425
2583	15	3418
2584	10	3422
2585	7	3426
2586	10	3423
2587	9	3424
2588	12	3420
2589	11	3422
2590	9	3424
2591	9	3423
2592	9	3424
2593	10	3423
2594	11	3421
2595	6	3427
2596	15	3418
2597	9	3417
2598	10	3423
2599	12	3420
2600	6	3427
2601	12	3416
2602	12	3420
2603	10	3422
2604	13	3419
2605	9	3423
2606	8	3425
2607	7	3425
2608	12	3421
2609	13	3415
2610	7	3425
2611	11	3422
2612	13	3419
2613	13	3420
2614	11	3422
2615	16	3417
2616	15	3416
2617	11	3422
2618	7	3426
2619	13	3419
2620	12	3421
2621	9	3424
2622	15	3418
2623	13	3420
2624	11	3422
2625	13	3420
2626	12	3421
2627	16	3417
2628	11	3422
2629	12	3419
2630	14	3419
2631	7	3426
2632	15	3417
2633	9	3423
2634	7	3421
2635	14	3418
2636	7	3426
2637	9	3424
2638	10	3422
2639	8	3425
2640	15	3418
2641	15	3418
2642	10	3423
2643	12	3421
2644	12	3419
2645	14	3418
2646	14	3419
2647	9	3424
2648	15	3418
2649	5	3428
2650	12	3421
2651	12	3421
2652	13	3419
2653	16	3416
2654	14	3418
2655	9	3423
2656	7	3426
2657	13	3420
2658	9	3424
2659	9	3415
2660	6	3427
2661	10	3423
2662	11	3422
2663	11	3421
2664	12	3420
2665	14	3416
2666	8	3425
2667	10	3423
2668	10	3423
2669	9	3423
2670	10	3423
2671	11	3422
2672	8	3419
2673	10	3423
2674	10	3423
2675	6	3427
2676	9	3424
2677	7	3426
2678	9	3423
2679	7	3426
2680	10	3423
2681	9	3424
2682	16	3416
2683	10	3423
2684	13	3419
2685	15	3418
2686	10	3423
2687	11	3422
2688	14	3419
2689	8	3425
2690	10	3422
2691	16	3416
2692	10	3423
2693	9	3424
2694	12	3421
2695	12	3419
2696	11	3422
2697	11	3421
2698	13	3420
2699	12	3420
2700	18	3415
2701	14	3417
2702	7	3426
2703	12	3420
2704	14	3419
2705	13	3419
2706	5	3428
2707	11	3421
2708	13	3420
2709	15	3418
2710	11	3422
2711	9	3424
2712	15	3418
2713	17	3416
2714	12	3421
2715	9	3424
2716	7	3425
2717	13	3420
2718	7	3426
2719	8	3425
2720	10	3423
2721	10	3422
2722	13	3420
2723	11	3422
2724	12	3416
2725	12	3418
2726	7	3425
2727	8	3425
2728	8	3425
2729	16	3416
2730	7	3425
2731	10	3423
2732	9	3423
2733	9	3423
2734	9	3424
2735	12	3414
2736	15	3417
2737	14	3419
2738	10	3422
2739	12	3418
2740	14	3419
2741	14	3419
2742	15	3418
2743	9	3424
2744	7	3426
2745	13	3413
2746	7	3426
2747	12	3421
2748	7	3426
2749	15	3418
2750	13	3414
2751	19	3414
2752	9	3424
2753	10	3423
2754	7	3425
2755	16	3416
2756	6	3427
2757	15	3417
2758	14	3419
2759	10	3423
2760	11	3420
2761	11	3422
2762	10	3423
2763	13	3420
2764	14	3418
2765	12	3421
2766	11	3420
2767	11	3421
2768	14	3419
2769	14	3419
2770	7	3426
2771	7	3426
2772	9	3424
2773	15	3418
2774	11	3422
2775	10	3422
2776	14	3419
2777	11	3422
2778	12	3421
2779	12	3421
2780	12	3421
2781	10	3423
2782	13	3414
2783	7	3426
2784	10	3423
2785	9	3424
2786	14	3419
2787	8	3425
2788	10	3423
2789	10	3423
2790	12	3421
2791	6	3427
2792	7	3426
2793	14	3419
2794	16	3417
2795	8	3425
2796	13	3419
2797	12	3420
2798	11	3422
2799	10	3423
2800	13	3419
2801	14	3419
2802	10	3422
2803	10	3422
2804	12	3421
2805	15	3418
2806	11	3420
2807	11	3422
2808	13	3419
2809	9	3424
2810	9	3423
2811	14	3419
2812	9	3424
2813	12	3421
2814	8	3425
2815	9	3424
2816	12	3421
2817	9	3423
2818	11	3422
2819	10	3423
2820	15	3418
2821	11	3421
2822	13	3419
2823	15	3418
2824	12	3421
2825	11	3422
2826	11	3422
2827	13	3419
2828	12	3421
2829	11	3422
2830	6	3427
2831	10	3423
2832	12	3421
2833	9	3424
2834	12	3413
2835	7	3426
2836	10	3423
2837	10	3423
2838	11	3422
2839	11	3421
2840	15	3417
2841	8	3425
2842	14	3419
2843	9	3423
2844	11	3421
2845	12	3421
2846	13	3420
2847	13	3419
2848	7	3426
2849	4	3429
2850	11	3422
2851	13	3415
2852	9	3422
2853	7	3426
2854	9	3424
2855	14	3418
2856	6	3427
2857	11	3422
2858	12	3421
2859	12	3421
2860	11	3422
2861	11	3417
2862	11	3422
2863	9	3424
2864	13	3418
2865	17	3416
2866	10	3423
2867	14	3418
2868	10	3423
2869	5	3428
2870	10	3422
2871	10	3423
2872	13	3413
2873	15	3418
2874	14	3419
2875	10	3423
2876	9	3423
2877	13	3420
2878	15	3417
2879	8	3425
2880	17	3416
2881	11	3422
2882	12	3421
2883	12	3421
2884	15	3415
2885	10	3423
2886	12	3421
2887	12	3419
2888	17	3410
2889	10	3415
2890	12	3415
2891	14	3419
2892	9	3423
2893	12	3421
2894	15	3418
2895	13	3420
2896	11	3421
2897	13	3420
2898	7	3426
2899	12	3421
2900	14	3418
2901	7	3424
2902	12	3421
2903	10	3423
2904	14	3417
2905	11	3421
2906	9	3424
2907	5	3428
2908	9	3424
2909	10	3423
2910	12	3421
2911	11	3422
2912	12	3420
2913	10	3422
2914	10	3423
2915	8	3425
2916	9	3424
2917	12	3420
2918	4	3429
2919	14	3412
2920	9	3424
2921	15	3415
2922	15	3418
2923	7	3426
2924	12	3414
2925	12	3421
2926	13	3420
2927	6	3427
2928	11	3421
2929	11	3421
2930	9	3424
2931	9	3424
2932	8	3423
2933	8	3425
2934	11	3421
2935	11	3422
2936	8	3425
2937	11	3422
2938	10	3422
2939	8	3425
2940	10	3421
2941	4	3429
2942	12	3420
2943	12	3421
2944	19	3412
2945	16	3417
2946	11	3420
2947	11	3422
2948	10	3423
2949	10	3423
2950	10	3423
2951	14	3419
2952	7	3426
2953	9	3423
2954	9	3424
2955	10	3423
2956	9	3424
2957	12	3421
2958	13	3420
2959	12	3420
2960	12	3421
2961	13	3420
2962	14	3419
2963	13	3419
2964	15	3417
2965	11	3422
2966	9	3422
2967	12	3416
2968	12	3420
2969	7	3426
2970	17	3415
2971	14	3418
2972	9	3424
2973	10	3423
2974	9	3424
2975	18	3415
2976	15	3418
2977	13	3420
2978	15	3418
2979	6	3427
2980	8	3425
2981	12	3420
2982	7	3426
2983	9	3424
2984	6	3427
2985	10	3423
2986	11	3422
2987	14	3418
2988	7	3425
2989	14	3414
2990	10	3422
2991	13	3420
2992	10	3423
2993	11	3422
2994	7	3426
2995	12	3416
2996	14	3418
2997	7	3425
2998	5	3428
2999	12	3420
3000	15	3418
3001	10	3423
3002	9	3424
3003	15	3418
3004	12	3421
3005	8	3425
3006	6	3427
3007	11	3422
3008	13	3420
3009	11	3421
3010	13	3420
3011	13	3420
3012	9	3424
3013	13	3420
3014	9	3424
3015	13	3420
3016	5	3428
3017	7	3426
3018	13	3420
3019	9	3424
3020	10	3423
3021	12	3421
3022	7	3426
3023	11	3422
3024	7	3426
3025	13	3419
3026	10	3423
3027	7	3426
3028	13	3419
3029	11	3409
3030	19	3414
3031	12	3421
3032	11	3416
3033	12	3420
3034	11	3422
3035	11	3422
3036	7	3426
3037	9	3424
3038	10	3423
3039	8	3419
3040	11	3417
3041	9	3424
3042	15	3417
3043	14	3419
3044	8	3425
3045	14	3419
3046	7	3425
3047	8	3425
3048	13	3418
3049	13	3419
3050	8	3425
3051	8	3424
3052	12	3420
3053	8	3425
3054	14	3419
3055	13	3420
3056	15	3418
3057	11	3422
3058	9	3423
3059	9	3424
3060	13	3420
3061	13	3420
3062	9	3424
3063	11	3422
3064	10	3423
3065	10	3422
3066	12	3421
3067	8	3425
3068	14	3419
3069	6	3427
3070	10	3423
3071	8	3425
3072	11	3422
3073	11	3417
3074	8	3425
3075	10	3418
3076	12	3421
3077	8	3425
3078	18	3414
3079	13	3420
3080	5	3428
3081	15	3418
3082	11	3421
3083	11	3420
3084	8	3425
3085	15	3417
3086	7	3426
3087	10	3423
3088	14	3413
3089	11	3422
3090	14	3419
3091	15	3418
3092	7	3426
3093	6	3427
3094	7	3426
3095	10	3421
3096	10	3422
3097	14	3419
3098	11	3422
3099	13	3420
3100	13	3420
3101	8	3425
3102	9	3424
3103	17	3416
3104	11	3422
3105	11	3421
3106	12	3421
3107	10	3423
3108	12	3421
3109	11	3422
3110	12	3421
3111	13	3420
3112	11	3422
3113	12	3421
3114	11	3422
3115	10	3423
3116	17	3416
3117	14	3419
3118	11	3422
3119	9	3424
3120	12	3421
3121	8	3425
3122	12	3421
3123	10	3421
3124	12	3421
3125	9	3424
3126	9	3424
3127	13	3419
3128	12	3420
3129	12	3421
3130	15	3416
3131	15	3418
3132	9	3422
3133	8	3424
3134	7	3424
3135	10	3422
3136	12	3421
3137	12	3415
3138	12	3421
3139	11	3422
3140	13	3420
3141	12	3421
3142	10	3423
3143	10	3420
3144	7	3421
3145	13	3420
3146	5	3428
3147	14	3419
3148	11	3422
3149	5	3428
3150	7	3424
3151	6	3427
3152	11	3421
3153	8	3425
3154	11	3422
3155	9	3424
3156	3	3430
3157	9	3424
3158	5	3428
3159	9	3423
3160	7	3426
3161	10	3423
3162	11	3422
3163	13	3420
3164	9	3418
3165	8	3425
3166	8	3425
3167	16	3417
3168	12	3421
3169	9	3424
3170	6	3427
3171	10	3422
3172	13	3420
3173	8	3424
3174	12	3414
3175	10	3423
3176	8	3424
3177	7	3426
3178	9	3423
3179	11	3421
3180	7	3426
3181	16	3417
3182	7	3426
3183	8	3425
3184	15	3416
3185	12	3420
3186	7	3426
3187	8	3425
3188	5	3428
3189	10	3423
3190	9	3424
3191	11	3421
3192	15	3418
3193	6	3427
3194	8	3425
3195	7	3426
3196	10	3423
3197	6	3427
3198	11	3421
3199	12	3421
3200	15	3418
3201	13	3420
3202	12	3421
3203	4	3429
3204	14	3419
3205	8	3425
3206	12	3421
3207	7	3426
3208	12	3421
3209	8	3425
3210	10	3423
3211	12	3421
3212	10	3423
3213	10	3423
3214	13	3420
3215	11	3422
3216	13	3420
3217	6	3427
3218	11	3421
3219	4	3429
3220	10	3421
3221	8	3425
3222	9	3423
3223	9	3424
3224	7	3426
3225	14	3419
3226	10	3422
3227	12	3421
3228	8	3424
3229	8	3425
3230	9	3424
3231	13	3419
3232	12	3421
3233	10	3423
3234	9	3423
3235	10	3423
3236	11	3412
3237	8	3425
3238	12	3421
3239	13	3420
3240	11	3422
3241	11	3422
3242	9	3424
3243	7	3426
3244	7	3426
3245	10	3423
3246	17	3416
3247	5	3428
3248	9	3423
3249	8	3425
3250	10	3423
3251	7	3426
3252	12	3421
3253	9	3424
3254	7	3426
3255	10	3423
3256	17	3416
3257	17	3413
3258	11	3422
3259	10	3423
3260	14	3419
3261	10	3422
3262	10	3423
3263	4	3429
3264	14	3419
3265	19	3408
3266	12	3421
3267	9	3424
3268	8	3425
3269	11	3422
3270	13	3419
3271	11	3422
3272	10	3423
3273	9	3424
3274	13	3420
3275	13	3419
3276	9	3424
3277	8	3425
3278	10	3423
3279	8	3425
3280	12	3421
3281	9	3424
3282	8	3425
3283	7	3426
3284	12	3421
3285	10	3423
3286	9	3424
3287	18	3415
3288	15	3418
3289	10	3423
3290	9	3424
3291	14	3419
3292	9	3424
3293	8	3425
3294	9	3424
3295	10	3423
3296	13	3419
3297	13	3420
3298	12	3421
3299	15	3418
3300	7	3426
3301	7	3426
3302	13	3419
3303	8	3425
3304	14	3419
3305	12	3421
3306	11	3422
3307	8	3425
3308	16	3417
3309	14	3417
3310	10	3423
3311	11	3420
3312	9	3424
3313	9	3424
3314	15	3418
3315	10	3423
3316	13	3420
3317	9	3423
3318	8	3425
3319	9	3424
3320	7	3426
3321	10	3422
3322	12	3421
3323	11	3422
3324	8	3425
3325	11	3422
3326	9	3424
3327	10	3423
3328	9	3424
3329	15	3418
3330	7	3426
3331	8	3425
3332	12	3421
3333	10	3423
3334	16	3417
3335	10	3423
3336	9	3424
3337	10	3422
3338	14	3419
3339	10	3423
3340	15	3416
3341	10	3423
3342	16	3416
3343	13	3420
3344	15	3418
3345	5	3428
3346	7	3426
3347	9	3423
3348	10	3423
3349	11	3422
3350	9	3424
3351	11	3421
3352	15	3418
3353	13	3420
3354	12	3421
3355	12	3421
3356	12	3421
3357	12	3421
3358	11	3422
3359	17	3416
3360	13	3420
3361	13	3420
3362	13	3419
3363	10	3423
3364	16	3417
3365	12	3421
3366	16	3416
3367	12	3421
3368	7	3426
3369	14	3419
3370	9	3423
3371	9	3423
3372	10	3423
3373	11	3420
3374	11	3421
3375	7	3425
3376	13	3419
3377	15	3417
3378	13	3419
3379	12	3421
3380	10	3423
3381	7	3425
3382	8	3425
3383	7	3426
3384	12	3421
3385	6	3427
3386	11	3422
3387	14	3419
3388	7	3426
3389	7	3425
3390	20	3408
3391	9	3423
3392	8	3425
3393	10	3423
3394	14	3419
3395	9	3424
3396	7	3425
3397	11	3422
3398	15	3418
3399	11	3422
3400	10	3423
3401	9	3418
3402	8	3425
3403	14	3419
3404	11	3422
3405	15	3413
3406	8	3425
3407	12	3421
3408	10	3423
3409	13	3420
3410	5	3428
3411	13	3420
3412	11	3419
3413	11	3422
3414	9	3423
3415	9	3424
3416	7	3426
3417	10	3423
3418	9	3424
3419	10	3423
3420	10	3423
3421	11	3422
3422	11	3421
3423	6	3427
3424	10	3423
3425	7	3425
3426	11	3421
3427	12	3421
3428	9	3424
3429	13	3414
3430	7	3425
3431	10	3423
3432	8	3425
3433	4	3429
3434	13	3420
3435	15	3418
3436	6	3426
3437	11	3422
3438	12	3421
3439	6	3427
3440	10	3423
3441	11	3421
3442	15	3418
3443	6	3422
3444	8	3425
3445	10	3423
3446	13	3420
3447	5	3428
3448	13	3420
3449	14	3419
3450	13	3420
3451	10	3423
3452	10	3422
3453	14	3419
3454	12	3421
3455	7	3425
3456	10	3421
3457	11	3421
3458	3	3430
3459	8	3425
3460	6	3427
3461	14	3419
3462	5	3427
3463	9	3424
3464	9	3423
3465	11	3422
3466	11	3422
3467	17	3415
3468	12	3421
3469	13	3420
3470	13	3418
3471	4	3429
3472	9	3424
3473	9	3424
3474	16	3416
3475	12	3421
3476	6	3422
3477	11	3422
3478	8	3424
3479	11	3422
3480	11	3422
3481	10	3423
3482	10	3423
3483	13	3419
3484	10	3422
3485	8	3425
3486	12	3415
3487	5	3428
3488	8	3425
3489	7	3426
3490	15	3418
3491	9	3424
3492	7	3426
3493	12	3421
3494	6	3427
3495	7	3426
3496	7	3426
3497	12	3421
3498	13	3420
3499	11	3422
3500	8	3425
3501	13	3420
3502	12	3421
3503	8	3425
3504	4	3429
3505	5	3428
3506	5	3428
3507	7	3426
3508	5	3427
3509	9	3424
3510	8	3425
3511	9	3424
3512	12	3420
3513	8	3425
3514	12	3421
3515	12	3421
3516	9	3424
3517	9	3419
3518	8	3425
3519	4	3429
3520	11	3422
3521	14	3419
3522	8	3425
3523	4	3429
3524	10	3422
3525	10	3422
3526	14	3418
3527	9	3424
3528	7	3426
3529	7	3425
3530	12	3421
3531	9	3424
3532	11	3421
3533	7	3420
3534	5	3428
3535	11	3422
3536	11	3421
3537	6	3427
3538	10	3423
3539	4	3429
3540	14	3419
3541	12	3421
3542	5	3428
3543	13	3420
3544	7	3426
3545	8	3423
3546	10	3423
3547	9	3424
3548	10	3423
3549	8	3425
3550	9	3423
3551	10	3422
3552	10	3423
3553	5	3427
3554	9	3424
3555	9	3424
3556	11	3416
3557	7	3425
3558	7	3426
3559	11	3422
3560	15	3418
3561	14	3419
3562	13	3420
3563	11	3422
3564	11	3422
3565	9	3424
3566	10	3423
3567	15	3418
3568	12	3421
3569	7	3426
3570	9	3422
3571	7	3426
3572	8	3425
3573	8	3425
3574	11	3421
3575	9	3423
3576	8	3425
3577	9	3424
3578	12	3420
3579	13	3420
3580	8	3425
3581	7	3426
3582	6	3427
3583	14	3419
3584	11	3421
3585	11	3410
3586	5	3428
3587	6	3427
3588	10	3423
3589	10	3423
3590	10	3423
3591	11	3422
3592	12	3420
3593	13	3415
3594	9	3424
3595	8	3425
3596	8	3425
3597	14	3419
3598	8	3420
3599	7	3426
3600	11	3422
3601	11	3422
3602	6	3427
3603	12	3421
3604	12	3421
3605	8	3425
3606	7	3425
3607	11	3422
3608	6	3427
3609	6	3427
3610	12	3421
3611	11	3422
3612	6	3426
3613	12	3420
3614	14	3414
3615	14	3419
3616	11	3421
3617	12	3420
3618	8	3425
3619	8	3425
3620	10	3423
3621	11	3422
3622	9	3424
3623	11	3422
3624	9	3424
3625	12	3420
3626	7	3426
3627	8	3425
3628	14	3419
3629	7	3426
3630	14	3419
3631	10	3423
3632	8	3424
3633	14	3419
3634	6	3427
3635	7	3426
3636	8	3425
3637	10	3423
3638	8	3425
3639	11	3422
3640	6	3427
3641	6	3426
3642	10	3423
3643	12	3421
3644	11	3422
3645	10	3422
3646	8	3425
3647	8	3425
3648	12	3421
3649	7	3426
3650	9	3424
3651	12	3421
3652	7	3426
3653	7	3426
3654	8	3425
3655	9	3424
3656	8	3425
3657	6	3427
3658	8	3425
3659	10	3418
3660	10	3423
3661	11	3422
3662	13	3420
3663	11	3421
3664	6	3427
3665	8	3425
3666	13	3420
3667	11	3422
3668	7	3426
3669	10	3416
3670	8	3425
3671	10	3423
3672	11	3422
3673	17	3416
3674	9	3424
3675	10	3423
3676	10	3423
3677	11	3422
3678	12	3421
3679	9	3424
3680	12	3421
3681	10	3423
3682	8	3424
3683	6	3427
3684	8	3424
3685	9	3424
3686	7	3426
3687	14	3418
3688	10	3422
3689	15	3418
3690	10	3422
3691	11	3422
3692	10	3423
3693	13	3419
3694	7	3425
3695	9	3424
3696	8	3425
3697	10	3423
3698	10	3423
3699	10	3423
3700	10	3423
3701	7	3426
3702	19	3413
3703	7	3426
3704	11	3422
3705	11	3422
3706	10	3423
3707	10	3423
3708	9	3423
3709	6	3427
3710	16	3411
3711	9	3424
3712	17	3416
3713	11	3422
3714	9	3424
3715	13	3419
3716	9	3424
3717	9	3422
3718	12	3421
3719	10	3423
3720	11	3422
3721	8	3425
3722	9	3424
3723	8	3424
3724	11	3422
3725	9	3424
3726	14	3419
3727	12	3420
3728	11	3421
3729	6	3427
3730	9	3424
3731	8	3425
3732	5	3428
3733	9	3424
3734	12	3421
3735	10	3423
3736	9	3424
3737	6	3427
3738	15	3417
3739	11	3420
3740	7	3426
3741	9	3423
3742	11	3417
3743	10	3422
3744	14	3419
3745	7	3426
3746	8	3425
3747	7	3426
3748	9	3424
3749	12	3420
3750	14	3413
3751	7	3426
3752	10	3423
3753	9	3424
3754	9	3424
3755	14	3419
3756	9	3424
3757	10	3423
3758	7	3426
3759	12	3420
3760	11	3422
3761	8	3425
3762	13	3420
3763	15	3417
3764	12	3421
3765	5	3428
3766	8	3425
3767	9	3423
3768	10	3423
3769	8	3425
3770	5	3428
3771	14	3419
3772	13	3418
3773	12	3421
3774	11	3422
3775	12	3421
3776	11	3422
3777	9	3423
3778	15	3415
3779	11	3421
3780	10	3423
3781	11	3422
3782	8	3425
3783	12	3415
3784	7	3426
3785	10	3423
3786	10	3423
3787	10	3423
3788	8	3425
3789	12	3421
3790	10	3423
3791	11	3420
3792	19	3413
3793	8	3425
3794	10	3423
3795	13	3420
3796	11	3422
3797	17	3415
3798	15	3418
3799	8	3425
3800	14	3419
3801	13	3420
3802	19	3414
3803	10	3422
3804	13	3416
3805	7	3426
3806	13	3420
3807	13	3420
3808	10	3423
3809	10	3420
3810	16	3416
3811	12	3421
3812	9	3424
3813	7	3426
3814	11	3422
3815	9	3423
3816	9	3424
3817	11	3422
3818	11	3422
3819	10	3423
3820	10	3423
3821	8	3425
3822	9	3424
3823	10	3415
3824	8	3425
3825	9	3423
3826	11	3421
3827	10	3423
3828	6	3427
3829	13	3420
3830	11	3422
3831	13	3420
3832	9	3424
3833	8	3425
3834	13	3419
3835	19	3414
3836	11	3421
3837	7	3426
3838	10	3423
3839	11	3421
3840	11	3422
3841	9	3423
3842	8	3423
3843	9	3424
3844	10	3421
3845	5	3428
3846	12	3419
3847	13	3419
3848	10	3423
3849	6	3427
3850	11	3422
3851	7	3426
3852	12	3421
3853	17	3416
3854	11	3422
3855	11	3422
3856	11	3422
3857	8	3425
3858	5	3428
3859	10	3423
3860	8	3425
3861	9	3424
3862	6	3427
3863	8	3425
3864	12	3421
3865	10	3423
3866	12	3421
3867	11	3422
3868	11	3422
3869	8	3425
3870	5	3428
3871	8	3425
3872	9	3424
3873	6	3427
3874	9	3424
3875	13	3419
3876	9	3424
3877	15	3417
3878	9	3423
3879	9	3424
3880	17	3416
3881	15	3418
3882	10	3423
3883	16	3417
3884	10	3423
3885	11	3422
3886	10	3423
3887	17	3414
3888	7	3426
3889	10	3422
3890	11	3422
3891	11	3422
3892	6	3427
3893	6	3426
3894	8	3425
3895	8	3424
3896	13	3420
3897	6	3427
3898	8	3424
3899	7	3426
3900	8	3425
3901	10	3423
3902	9	3423
3903	7	3426
3904	12	3421
3905	11	3421
3906	13	3419
3907	12	3421
3908	11	3422
3909	10	3422
3910	9	3423
3911	8	3424
3912	13	3420
3913	12	3420
3914	10	3423
3915	10	3422
3916	12	3419
3917	13	3419
3918	10	3423
3919	15	3418
3920	13	3420
3921	17	3416
3922	12	3420
3923	12	3421
3924	11	3421
3925	10	3423
3926	6	3426
3927	8	3425
3928	17	3416
3929	11	3422
3930	10	3423
3931	15	3417
3932	14	3419
3933	10	3422
3934	10	3421
3935	7	3426
3936	11	3422
3937	10	3423
3938	10	3423
3939	13	3420
3940	12	3421
3941	12	3421
3942	15	3418
3943	15	3418
3944	12	3421
3945	8	3424
3946	7	3426
3947	11	3422
3948	8	3425
3949	12	3421
3950	14	3418
3951	10	3423
3952	11	3422
3953	12	3421
3954	12	3421
3955	10	3422
3956	21	3412
3957	11	3422
3958	8	3425
3959	12	3421
3960	8	3425
3961	11	3422
3962	9	3424
3963	13	3420
3964	12	3421
3965	9	3424
3966	10	3423
3967	13	3420
3968	10	3423
3969	14	3419
3970	16	3417
3971	12	3420
3972	5	3428
3973	9	3424
3974	8	3425
3975	11	3422
3976	7	3426
3977	9	3423
3978	7	3426
3979	7	3425
3980	14	3419
3981	10	3423
3982	9	3424
3983	11	3422
3984	18	3415
3985	10	3416
3986	11	3422
3987	14	3417
3988	8	3425
3989	7	3426
3990	9	3424
3991	10	3423
3992	11	3422
3993	11	3422
3994	7	3426
3995	7	3426
3996	7	3426
3997	9	3424
3998	13	3419
3999	12	3421
4000	16	3411
4001	12	3421
4002	10	3423
4003	11	3422
4004	13	3420
4005	13	3419
4006	10	3423
4007	7	3426
4008	14	3419
4009	14	3418
4010	9	3424
4011	10	3423
4012	12	3421
4013	14	3418
4014	10	3423
4015	15	3417
4016	12	3421
4017	7	3426
4018	7	3426
4019	17	3414
4020	13	3420
4021	7	3426
4022	8	3423
4023	13	3419
4024	8	3425
4025	8	3425
4026	10	3422
4027	9	3424
4028	15	3418
4029	6	3426
4030	10	3423
4031	11	3422
4032	14	3419
4033	8	3423
4034	10	3423
4035	11	3422
4036	10	3423
4037	14	3418
4038	7	3426
4039	12	3421
4040	7	3426
4041	11	3422
4042	6	3427
4043	10	3423
4044	8	3425
4045	17	3416
4046	14	3417
4047	9	3423
4048	14	3419
4049	9	3424
4050	10	3423
4051	13	3419
4052	17	3416
4053	10	3423
4054	8	3425
4055	11	3421
4056	5	3428
4057	12	3421
4058	12	3421
4059	11	3422
4060	14	3419
4061	8	3425
4062	11	3421
4063	13	3414
4064	9	3424
4065	11	3420
4066	14	3419
4067	14	3418
4068	12	3421
4069	11	3422
4070	9	3424
4071	12	3421
4072	11	3421
4073	8	3425
4074	14	3419
4075	15	3418
4076	8	3425
4077	10	3422
4078	10	3422
4079	11	3422
4080	13	3420
4081	9	3424
4082	9	3424
4083	15	3418
4084	11	3422
4085	9	3424
4086	9	3424
4087	18	3415
4088	11	3416
4089	10	3422
4090	7	3426
4091	14	3419
4092	10	3422
4093	9	3424
4094	10	3410
4095	8	3425
4096	8	3424
4097	11	3422
4098	16	3417
4099	10	3422
4100	13	3420
4101	14	3419
4102	17	3416
4103	13	3420
4104	15	3416
4105	11	3422
4106	18	3414
4107	11	3422
4108	11	3422
4109	13	3419
4110	10	3423
4111	11	3422
4112	13	3420
4113	20	3412
4114	9	3418
4115	13	3420
4116	10	3423
4117	11	3422
4118	10	3423
4119	12	3421
4120	7	3426
4121	11	3421
4122	14	3419
4123	7	3426
4124	13	3419
4125	10	3423
4126	10	3423
4127	11	3422
4128	15	3418
4129	11	3422
4130	9	3424
4131	18	3415
4132	13	3420
4133	14	3419
4134	8	3425
4135	13	3420
4136	8	3423
4137	12	3421
4138	13	3420
4139	12	3421
4140	16	3417
4141	14	3419
4142	16	3416
4143	16	3417
4144	15	3418
4145	14	3419
4146	12	3421
4147	3	3430
4148	12	3420
4149	10	3423
4150	12	3421
4151	7	3426
4152	15	3418
4153	15	3418
4154	14	3418
4155	8	3425
4156	10	3423
4157	10	3423
4158	13	3420
4159	7	3426
4160	10	3417
4161	17	3416
4162	15	3418
4163	9	3424
4164	17	3416
4165	14	3418
4166	13	3419
4167	13	3420
4168	14	3417
4169	10	3423
4170	8	3425
4171	11	3422
4172	14	3419
4173	11	3422
4174	13	3420
4175	15	3418
4176	15	3418
4177	13	3420
4178	11	3421
4179	11	3422
4180	10	3423
4181	12	3421
4182	11	3422
4183	9	3424
4184	14	3419
4185	12	3420
4186	12	3421
4187	6	3427
4188	20	3413
4189	14	3419
4190	14	3419
4191	20	3413
4192	21	3412
4193	17	3414
4194	9	3423
4195	13	3420
4196	11	3422
4197	11	3420
4198	11	3422
4199	15	3413
4200	10	3423
4201	17	3416
4202	12	3421
4203	14	3418
4204	12	3421
4205	11	3422
4206	18	3415
4207	11	3422
4208	9	3423
4209	19	3414
4210	10	3423
4211	10	3423
4212	10	3423
4213	12	3421
4214	12	3421
4215	12	3421
4216	17	3416
4217	9	3424
4218	12	3420
4219	12	3421
4220	9	3424
4221	12	3421
4222	12	3421
4223	9	3424
4224	12	3421
4225	9	3424
4226	11	3422
4227	11	3422
4228	12	3421
4229	10	3423
4230	12	3420
4231	11	3422
4232	13	3420
4233	15	3417
4234	16	3410
4235	13	3420
4236	11	3422
4237	13	3419
4238	8	3425
4239	12	3420
4240	10	3423
4241	15	3418
4242	8	3425
4243	12	3420
4244	12	3421
4245	15	3418
4246	9	3424
4247	10	3423
4248	10	3423
4249	14	3419
4250	8	3425
4251	8	3424
4252	15	3418
4253	12	3420
4254	10	3422
4255	8	3425
4256	12	3421
4257	14	3418
4258	10	3423
4259	11	3421
4260	14	3418
4261	10	3423
4262	10	3423
4263	8	3425
4264	8	3425
4265	8	3425
4266	14	3419
4267	14	3419
4268	6	3427
4269	9	3424
4270	9	3424
4271	12	3421
4272	9	3423
4273	12	3421
4274	12	3421
4275	13	3414
4276	11	3422
4277	15	3418
4278	8	3425
4279	9	3423
4280	11	3422
4281	13	3420
4282	9	3424
4283	12	3421
4284	12	3421
4285	14	3418
4286	8	3425
4287	9	3424
4288	11	3422
4289	9	3424
4290	9	3424
4291	11	3422
4292	14	3419
4293	9	3422
4294	12	3420
4295	11	3422
4296	6	3427
4297	12	3421
4298	7	3426
4299	17	3415
4300	11	3422
4301	10	3422
4302	14	3418
4303	9	3424
4304	13	3420
4305	13	3420
4306	5	3427
4307	9	3423
4308	13	3419
4309	10	3423
4310	9	3424
4311	9	3424
4312	9	3424
4313	7	3426
4314	7	3425
4315	7	3426
4316	10	3423
4317	10	3422
4318	13	3418
4319	10	3423
4320	15	3418
4321	9	3424
4322	10	3423
4323	8	3425
4324	10	3423
4325	11	3422
4326	16	3417
4327	8	3425
4328	7	3426
4329	11	3422
4330	8	3425
4331	14	3419
4332	8	3425
4333	11	3422
4334	13	3418
4335	15	3418
4336	13	3419
4337	13	3420
4338	10	3422
4339	7	3426
4340	8	3424
4341	11	3420
4342	11	3422
4343	8	3424
4344	14	3419
4345	11	3422
4346	11	3422
4347	10	3422
4348	8	3425
4349	9	3424
4350	11	3421
4351	12	3421
4352	7	3426
4353	15	3413
4354	14	3419
4355	17	3415
4356	9	3424
4357	13	3419
4358	12	3421
4359	7	3425
4360	11	3422
4361	13	3420
4362	16	3417
4363	12	3421
4364	11	3416
4365	8	3425
4366	12	3420
4367	15	3418
4368	17	3415
4369	15	3418
4370	7	3426
4371	7	3426
4372	14	3418
4373	12	3421
4374	9	3424
4375	12	3421
4376	13	3420
4377	16	3417
4378	8	3425
4379	7	3426
4380	16	3417
4381	9	3423
4382	6	3427
4383	10	3422
4384	9	3424
4385	10	3422
4386	10	3423
4387	11	3422
4388	11	3422
4389	14	3418
4390	11	3422
4391	10	3418
4392	12	3421
4393	9	3424
4394	14	3419
4395	8	3425
4396	11	3422
4397	12	3421
4398	13	3420
4399	9	3424
4400	10	3423
4401	11	3422
4402	6	3427
4403	13	3415
4404	15	3418
4405	8	3425
4406	6	3427
4407	7	3426
4408	11	3422
4409	11	3422
4410	7	3426
4411	13	3420
4412	9	3423
4413	10	3423
4414	10	3422
4415	10	3423
4416	12	3421
4417	5	3428
4418	9	3424
4419	9	3424
4420	9	3421
4421	10	3423
4422	7	3426
4423	13	3419
4424	11	3422
4425	13	3418
4426	5	3428
4427	9	3424
4428	13	3419
4429	6	3427
4430	8	3425
4431	13	3419
4432	11	3422
4433	12	3421
4434	9	3423
4435	8	3424
4436	10	3423
4437	10	3423
4438	15	3417
4439	10	3423
4440	8	3425
4441	10	3423
4442	14	3418
4443	11	3422
4444	7	3426
4445	11	3416
4446	13	3420
4447	7	3425
4448	15	3418
4449	11	3422
4450	13	3419
4451	11	3422
4452	20	3413
4453	16	3417
4454	8	3425
4455	12	3420
4456	9	3424
4457	12	3420
4458	7	3426
4459	18	3410
4460	11	3420
4461	8	3425
4462	10	3418
4463	15	3418
4464	10	3423
4465	11	3422
4466	9	3423
4467	9	3424
4468	9	3424
4469	10	3422
4470	9	3422
4471	8	3424
4472	9	3424
4473	13	3420
4474	7	3426
4475	9	3424
4476	11	3422
4477	6	3427
4478	9	3418
4479	12	3421
4480	5	3428
4481	8	3425
4482	5	3428
4483	5	3427
4484	13	3419
4485	12	3420
4486	10	3417
4487	13	3420
4488	15	3418
4489	13	3420
4490	13	3420
4491	10	3423
4492	11	3422
4493	13	3420
4494	10	3423
4495	9	3424
4496	11	3422
4497	12	3421
4498	1	3432
4499	5	3428
4500	9	3424
4501	14	3419
4502	7	3426
4503	12	3421
4504	12	3420
4505	5	3428
4506	7	3426
4507	8	3424
4508	8	3425
4509	10	3423
4510	11	3422
4511	10	3423
4512	10	3423
4513	13	3420
4514	17	3416
4515	8	3425
4516	11	3422
4517	10	3423
4518	16	3417
4519	8	3419
4520	11	3422
4521	6	3426
4522	10	3422
4523	13	3420
4524	9	3424
4525	8	3425
4526	14	3419
4527	7	3426
4528	10	3423
4529	8	3425
4530	12	3420
4531	18	3414
4532	11	3422
4533	8	3425
4534	7	3426
4535	10	3423
4536	11	3421
4537	10	3423
4538	13	3420
4539	14	3419
4540	13	3420
4541	16	3417
4542	15	3418
4543	14	3419
4544	8	3425
4545	9	3424
4546	10	3423
4547	12	3421
4548	13	3420
4549	11	3422
4550	9	3424
4551	17	3415
4552	12	3421
4553	8	3425
4554	10	3423
4555	12	3421
4556	15	3418
4557	15	3418
4558	6	3425
4559	12	3420
4560	12	3421
4561	12	3420
4562	15	3418
4563	8	3423
4564	10	3423
4565	9	3424
4566	10	3423
4567	10	3422
4568	9	3423
4569	11	3422
4570	12	3421
4571	13	3418
4572	13	3420
4573	8	3425
4574	11	3422
4575	6	3424
4576	9	3423
4577	9	3423
4578	13	3420
4579	12	3421
4580	13	3420
4581	13	3420
4582	7	3426
4583	12	3421
4584	12	3421
4585	12	3421
4586	9	3424
4587	10	3423
4588	11	3421
4589	16	3417
4590	15	3417
4591	11	3421
4592	13	3420
4593	14	3413
4594	11	3422
4595	12	3420
4596	7	3426
4597	9	3424
4598	11	3422
4599	12	3421
4600	13	3418
4601	9	3423
4602	11	3421
4603	6	3427
4604	6	3427
4605	9	3424
4606	12	3421
4607	8	3424
4608	10	3423
4609	10	3423
4610	7	3426
4611	6	3427
4612	11	3421
4613	9	3424
4614	8	3425
4615	11	3421
4616	12	3421
4617	11	3422
4618	7	3426
4619	11	3422
4620	8	3425
4621	12	3420
4622	11	3422
4623	12	3421
4624	11	3422
4625	12	3421
4626	15	3418
4627	12	3421
4628	9	3424
4629	10	3423
4630	9	3424
4631	12	3421
4632	11	3421
4633	5	3428
4634	14	3419
4635	14	3419
4636	10	3423
4637	14	3419
4638	12	3421
4639	12	3420
4640	11	3422
4641	14	3419
4642	7	3426
4643	11	3421
4644	14	3419
4645	9	3423
4646	8	3423
4647	8	3425
4648	8	3424
4649	9	3424
4650	9	3424
4651	8	3424
4652	8	3425
4653	13	3417
4654	13	3420
4655	10	3423
4656	4	3429
4657	12	3419
4658	9	3423
4659	12	3421
4660	10	3423
4661	18	3415
4662	11	3421
4663	9	3424
4664	16	3416
4665	11	3422
4666	12	3421
4667	12	3420
4668	16	3417
4669	10	3422
4670	12	3421
4671	6	3426
4672	12	3421
4673	12	3419
4674	10	3423
4675	9	3423
4676	10	3423
4677	10	3423
4678	13	3419
4679	13	3419
4680	10	3423
4681	13	3419
4682	12	3419
4683	8	3422
4684	9	3424
4685	10	3421
4686	12	3421
4687	8	3425
4688	7	3426
4689	12	3421
4690	7	3425
4691	15	3418
4692	10	3423
4693	11	3421
4694	12	3416
4695	11	3416
4696	9	3424
4697	16	3417
4698	10	3422
4699	11	3422
4700	13	3420
4701	9	3424
4702	10	3422
4703	12	3420
4704	11	3422
4705	13	3420
4706	7	3426
4707	8	3425
4708	13	3420
4709	12	3419
4710	12	3421
4711	13	3420
4712	9	3423
4713	11	3422
4714	8	3424
4715	8	3424
4716	11	3422
4717	12	3421
4718	7	3425
4719	18	3414
4720	12	3421
4721	10	3423
4722	12	3420
4723	16	3416
4724	12	3413
4725	10	3423
4726	18	3414
4727	8	3425
4728	10	3423
4729	10	3422
4730	10	3423
4731	10	3422
4732	11	3422
4733	14	3419
4734	5	3428
4735	7	3425
4736	11	3421
4737	15	3418
4738	10	3423
4739	10	3423
4740	12	3421
4741	19	3414
4742	12	3421
4743	17	3416
4744	14	3418
4745	9	3422
4746	9	3424
4747	11	3421
4748	6	3427
4749	15	3418
4750	11	3421
4751	8	3425
4752	12	3420
4753	10	3423
4754	7	3426
4755	11	3422
4756	11	3422
4757	8	3425
4758	11	3422
4759	9	3423
4760	11	3422
4761	7	3426
4762	12	3421
4763	11	3422
4764	10	3423
4765	14	3419
4766	9	3424
4767	13	3420
4768	10	3423
4769	8	3425
4770	10	3423
4771	15	3418
4772	16	3416
4773	7	3426
4774	14	3414
4775	12	3421
4776	12	3421
4777	8	3424
4778	18	3415
4779	13	3420
4780	13	3412
4781	7	3426
4782	9	3424
4783	14	3419
4784	9	3424
4785	11	3422
4786	10	3423
4787	9	3424
4788	9	3424
4789	8	3425
4790	7	3426
4791	14	3419
4792	7	3425
4793	10	3423
4794	8	3425
4795	10	3423
4796	15	3418
4797	13	3420
4798	4	3429
4799	8	3425
4800	13	3420
4801	10	3422
4802	11	3414
4803	19	3409
4804	12	3421
4805	12	3419
4806	9	3424
4807	16	3416
4808	12	3419
4809	14	3419
4810	12	3420
4811	12	3421
4812	12	3421
4813	13	3420
4814	11	3422
4815	10	3423
4816	11	3422
4817	8	3425
4818	8	3425
4819	10	3423
4820	10	3423
4821	13	3420
4822	12	3416
4823	12	3421
4824	11	3421
4825	11	3421
4826	8	3425
4827	15	3418
4828	16	3416
4829	13	3419
4830	17	3416
4831	11	3422
4832	12	3421
4833	10	3423
4834	10	3423
4835	12	3419
4836	16	3415
4837	12	3421
4838	12	3420
4839	15	3418
4840	8	3425
4841	18	3415
4842	13	3420
4843	12	3421
4844	11	3422
4845	13	3420
4846	12	3421
4847	9	3424
