# Timestep	Num_Clusters	Max_Cluster_Size
0	13	3420
1	10	3423
2	11	3421
3	9	3424
4	14	3418
5	9	3423
6	11	3421
7	14	3419
8	10	3423
9	6	3427
10	9	3424
11	8	3425
12	11	3422
13	9	3424
14	7	3426
15	9	3424
16	8	3425
17	10	3423
18	7	3426
19	6	3427
20	9	3424
21	9	3424
22	13	3418
23	14	3419
24	12	3421
25	8	3425
26	10	3423
27	9	3424
28	13	3420
29	7	3426
30	11	3422
31	12	3421
32	9	3424
33	13	3420
34	7	3425
35	7	3426
36	6	3427
37	10	3423
38	9	3424
39	10	3423
40	11	3422
41	9	3423
42	12	3420
43	10	3423
44	14	3418
45	10	3423
46	7	3426
47	14	3419
48	9	3424
49	9	3424
50	11	3422
51	10	3423
52	8	3425
53	17	3415
54	10	3422
55	12	3421
56	9	3424
57	17	3416
58	10	3423
59	8	3425
60	12	3421
61	8	3425
62	8	3425
63	8	3425
64	8	3420
65	9	3424
66	13	3420
67	10	3423
68	9	3424
69	9	3424
70	5	3428
71	15	3418
72	16	3416
73	14	3418
74	16	3417
75	11	3422
76	9	3424
77	7	3426
78	11	3421
79	12	3421
80	11	3422
81	15	3418
82	8	3425
83	5	3428
84	5	3428
85	11	3422
86	8	3424
87	6	3427
88	13	3419
89	8	3425
90	9	3424
91	8	3424
92	8	3425
93	7	3425
94	11	3422
95	8	3425
96	14	3419
97	10	3423
98	9	3423
99	7	3426
100	4	3429
101	11	3422
102	11	3421
103	8	3425
104	11	3422
105	11	3422
106	13	3420
107	14	3419
108	6	3426
109	9	3424
110	10	3423
111	6	3427
112	6	3427
113	10	3423
114	8	3425
115	12	3421
116	12	3421
117	7	3426
118	11	3422
119	13	3414
120	9	3424
121	10	3422
122	7	3425
123	12	3416
124	12	3420
125	12	3421
126	7	3425
127	13	3420
128	11	3421
129	8	3425
130	15	3418
131	12	3421
132	15	3418
133	7	3426
134	8	3425
135	10	3423
136	12	3421
137	7	3425
138	10	3423
139	10	3418
140	7	3425
141	11	3422
142	4	3429
143	6	3427
144	11	3416
145	12	3421
146	7	3426
147	9	3424
148	11	3422
149	6	3427
150	11	3421
151	10	3423
152	7	3426
153	10	3423
154	7	3424
155	7	3426
156	7	3426
157	9	3424
158	9	3424
159	9	3424
160	4	3424
161	12	3421
162	9	3424
163	7	3426
164	9	3423
165	9	3422
166	9	3423
167	10	3418
168	6	3427
169	6	3427
170	6	3427
171	5	3423
172	8	3425
173	6	3427
174	9	3424
175	10	3423
176	12	3420
177	9	3423
178	9	3424
179	10	3421
180	5	3428
181	9	3424
182	5	3428
183	2	3431
184	9	3419
185	8	3425
186	10	3423
187	6	3427
188	11	3422
189	7	3426
190	12	3421
191	9	3424
192	8	3425
193	10	3422
194	10	3422
195	10	3423
196	13	3420
197	10	3423
198	7	3426
199	9	3423
200	9	3424
201	12	3421
202	7	3426
203	8	3424
204	6	3427
205	4	3429
206	12	3421
207	12	3421
208	4	3429
209	12	3421
210	10	3423
211	11	3422
212	10	3423
213	5	3428
214	5	3427
215	8	3425
216	10	3423
217	9	3423
218	11	3422
219	8	3425
220	11	3422
221	9	3424
222	7	3426
223	5	3427
224	9	3424
225	10	3423
226	7	3426
227	5	3428
228	6	3427
229	8	3425
230	7	3426
231	10	3423
232	9	3424
233	7	3426
234	16	3415
235	14	3419
236	6	3427
237	9	3424
238	11	3422
239	11	3422
240	9	3418
241	10	3423
242	9	3424
243	6	3426
244	10	3423
245	7	3426
246	9	3424
247	11	3422
248	9	3424
249	8	3418
250	6	3427
251	7	3426
252	7	3426
253	6	3427
254	5	3427
255	8	3423
256	10	3423
257	7	3426
258	7	3426
259	13	3420
260	7	3425
261	9	3424
262	9	3423
263	10	3422
264	10	3423
265	5	3428
266	6	3425
267	12	3421
268	11	3420
269	8	3424
270	12	3421
271	3	3430
272	9	3424
273	8	3425
274	7	3426
275	9	3423
276	12	3420
277	8	3424
278	16	3417
279	15	3418
280	6	3427
281	10	3423
282	10	3423
283	14	3419
284	8	3425
285	10	3422
286	9	3423
287	11	3420
288	12	3421
289	7	3425
290	9	3423
291	10	3423
292	10	3423
293	12	3421
294	8	3425
295	6	3422
296	6	3426
297	7	3424
298	17	3416
299	10	3422
300	10	3423
301	6	3426
302	10	3423
303	13	3420
304	9	3424
305	7	3426
306	8	3424
307	7	3426
308	7	3421
309	8	3424
310	13	3420
311	9	3424
312	12	3421
313	16	3415
314	9	3424
315	6	3427
316	14	3418
317	9	3424
318	11	3422
319	9	3423
320	9	3423
321	7	3426
322	13	3417
323	12	3421
324	9	3424
325	9	3424
326	3	3430
327	10	3423
328	10	3423
329	9	3424
330	12	3421
331	8	3425
332	10	3423
333	9	3423
334	6	3427
335	8	3425
336	9	3424
337	13	3420
338	14	3419
339	8	3425
340	10	3423
341	9	3423
342	12	3420
343	13	3420
344	13	3420
345	12	3420
346	17	3416
347	11	3422
348	10	3422
349	11	3422
350	9	3424
351	7	3425
352	9	3424
353	8	3425
354	14	3419
355	6	3427
356	10	3423
357	11	3422
358	12	3421
359	7	3426
360	12	3421
361	13	3419
362	10	3423
363	11	3422
364	10	3423
365	11	3422
366	10	3423
367	8	3425
368	10	3423
369	5	3428
370	6	3427
371	9	3424
372	9	3424
373	9	3423
374	9	3424
375	11	3422
376	8	3425
377	8	3425
378	11	3420
379	13	3420
380	12	3421
381	10	3423
382	8	3425
383	10	3423
384	15	3418
385	13	3420
386	12	3421
387	16	3417
388	12	3420
389	13	3420
390	5	3428
391	5	3428
392	10	3422
393	8	3424
394	9	3424
395	8	3425
396	11	3422
397	9	3424
398	12	3421
399	7	3426
400	9	3423
401	4	3429
402	5	3428
403	5	3428
404	7	3426
405	15	3417
406	14	3419
407	11	3422
408	11	3422
409	7	3426
410	9	3423
411	6	3427
412	11	3422
413	11	3422
414	10	3422
415	2	3431
416	10	3418
417	7	3425
418	7	3424
419	11	3421
420	12	3421
421	9	3424
422	8	3425
423	13	3419
424	10	3423
425	7	3426
426	10	3423
427	8	3425
428	5	3428
429	9	3424
430	9	3423
431	6	3427
432	15	3418
433	7	3426
434	8	3424
435	8	3425
436	9	3424
437	11	3422
438	8	3424
439	14	3419
440	7	3426
441	12	3421
442	6	3427
443	11	3422
444	9	3424
445	9	3424
446	9	3424
447	8	3425
448	7	3426
449	10	3423
450	7	3426
451	11	3416
452	6	3427
453	12	3421
454	11	3420
455	12	3421
456	11	3422
457	10	3423
458	14	3419
459	5	3428
460	12	3420
461	10	3423
462	9	3424
463	11	3420
464	8	3424
465	6	3427
466	11	3422
467	13	3418
468	7	3425
469	12	3413
470	10	3423
471	8	3425
472	9	3424
473	10	3422
474	8	3424
475	8	3425
476	10	3418
477	11	3416
478	9	3424
479	15	3418
480	6	3427
481	8	3425
482	5	3427
483	16	3417
484	9	3424
485	10	3422
486	11	3422
487	8	3425
488	9	3423
489	10	3422
490	15	3418
491	7	3426
492	8	3420
493	11	3421
494	11	3420
495	4	3429
496	9	3424
497	7	3425
498	10	3423
499	8	3425
500	10	3423
501	11	3416
502	9	3424
503	7	3426
504	11	3422
505	11	3422
506	6	3427
507	10	3423
508	8	3424
509	10	3423
510	5	3428
511	4	3429
512	5	3428
513	8	3425
514	5	3428
515	13	3420
516	7	3426
517	9	3424
518	9	3424
519	8	3425
520	10	3423
521	5	3428
522	9	3424
523	11	3422
524	10	3422
525	10	3423
526	8	3424
527	7	3426
528	10	3423
529	13	3414
530	9	3424
531	13	3415
532	7	3426
533	8	3425
534	8	3424
535	3	3430
536	6	3427
537	7	3426
538	11	3416
539	9	3424
540	10	3423
541	9	3424
542	9	3422
543	10	3423
544	8	3425
545	10	3423
546	9	3423
547	7	3426
548	10	3423
549	4	3429
550	8	3425
551	10	3423
552	7	3426
553	6	3427
554	5	3423
555	9	3424
556	5	3428
557	9	3424
558	7	3426
559	9	3424
560	8	3425
561	6	3427
562	14	3419
563	8	3425
564	8	3425
565	11	3416
566	12	3420
567	10	3412
568	12	3421
569	10	3423
570	9	3418
571	11	3422
572	8	3425
573	10	3422
574	7	3426
575	8	3425
576	11	3421
577	13	3420
578	7	3426
579	11	3422
580	11	3422
581	12	3421
582	11	3422
583	11	3421
584	11	3422
585	11	3422
586	8	3425
587	6	3427
588	9	3424
589	15	3417
590	13	3419
591	8	3425
592	7	3426
593	7	3426
594	10	3423
595	6	3427
596	8	3425
597	8	3425
598	12	3420
599	9	3424
600	13	3419
601	7	3426
602	6	3427
603	10	3422
604	7	3426
605	6	3427
606	14	3419
607	12	3421
608	9	3423
609	9	3424
610	15	3418
611	11	3421
612	13	3420
613	12	3421
614	12	3420
615	10	3423
616	9	3423
617	8	3425
618	7	3426
619	10	3423
620	8	3425
621	11	3421
622	10	3423
623	14	3419
624	12	3416
625	10	3423
626	8	3425
627	12	3416
628	9	3424
629	11	3422
630	16	3416
631	10	3423
632	9	3424
633	10	3417
634	11	3416
635	11	3422
636	8	3425
637	10	3423
638	7	3426
639	8	3425
640	9	3424
641	11	3422
642	9	3424
643	11	3421
644	12	3420
645	10	3423
646	12	3416
647	9	3424
648	9	3424
649	12	3420
650	9	3424
651	6	3427
652	13	3420
653	11	3422
654	10	3423
655	10	3423
656	10	3421
657	13	3420
658	10	3423
659	8	3425
660	6	3427
661	13	3419
662	11	3421
663	6	3426
664	6	3427
665	11	3422
666	5	3428
667	7	3425
668	8	3424
669	7	3425
670	13	3420
671	7	3426
672	9	3423
673	9	3424
674	9	3424
675	9	3423
676	9	3423
677	13	3420
678	5	3428
679	9	3424
680	5	3428
681	8	3424
682	7	3421
683	10	3422
684	5	3428
685	9	3423
686	6	3427
687	6	3427
688	3	3430
689	10	3423
690	8	3424
691	13	3420
692	11	3422
693	11	3422
694	9	3424
695	6	3426
696	7	3426
697	10	3423
698	8	3425
699	10	3423
700	5	3428
701	12	3414
702	7	3426
703	8	3424
704	9	3424
705	10	3423
706	7	3426
707	8	3424
708	12	3420
709	7	3425
710	6	3427
711	6	3427
712	7	3426
713	11	3422
714	8	3425
715	7	3425
716	5	3428
717	13	3420
718	5	3428
719	4	3429
720	4	3429
721	8	3424
722	8	3425
723	12	3421
724	7	3426
725	9	3424
726	7	3426
727	5	3427
728	6	3427
729	7	3425
730	7	3426
731	6	3427
732	7	3426
733	8	3425
734	8	3425
735	12	3420
736	13	3420
737	7	3426
738	5	3427
739	7	3426
740	8	3425
741	11	3422
742	4	3429
743	8	3424
744	10	3423
745	7	3426
746	8	3424
747	6	3427
748	6	3427
749	7	3419
750	8	3420
751	8	3425
752	10	3423
753	9	3423
754	4	3429
755	6	3427
756	7	3426
757	7	3426
758	7	3426
759	2	3431
760	5	3428
761	8	3425
762	5	3428
763	4	3429
764	7	3426
765	8	3425
766	5	3428
767	11	3422
768	4	3429
769	12	3416
770	9	3424
771	10	3423
772	11	3422
773	7	3426
774	13	3420
775	7	3426
776	8	3425
777	10	3423
778	9	3424
779	8	3425
780	7	3426
781	7	3425
782	9	3423
783	8	3424
784	5	3428
785	8	3424
786	10	3423
787	8	3425
788	7	3426
789	7	3426
790	8	3425
791	4	3429
792	12	3420
793	8	3425
794	13	3419
795	9	3424
796	10	3423
797	7	3426
798	5	3428
799	7	3426
800	6	3427
801	10	3418
802	6	3426
803	3	3430
804	14	3419
805	3	3430
806	10	3423
807	9	3424
808	8	3425
809	5	3428
810	11	3422
811	10	3423
812	8	3425
813	8	3424
814	7	3426
815	3	3430
816	10	3422
817	6	3427
818	11	3422
819	11	3417
820	5	3427
821	6	3427
822	11	3422
823	7	3426
824	10	3423
825	3	3430
826	8	3425
827	11	3422
828	8	3425
829	15	3418
830	7	3426
831	8	3425
832	10	3423
833	5	3428
834	9	3424
835	15	3417
836	13	3420
837	6	3427
838	8	3425
839	5	3428
840	8	3425
841	6	3427
842	7	3426
843	8	3425
844	9	3424
845	4	3429
846	12	3421
847	9	3424
848	4	3429
849	7	3425
850	8	3424
851	11	3422
852	8	3425
853	8	3425
854	7	3426
855	11	3421
856	12	3421
857	11	3422
858	6	3427
859	6	3427
860	9	3423
861	11	3422
862	9	3424
863	10	3422
864	11	3422
865	12	3421
866	8	3425
867	9	3418
868	11	3422
869	11	3422
870	7	3425
871	10	3423
872	10	3423
873	9	3424
874	9	3424
875	9	3424
876	16	3416
877	9	3424
878	10	3422
879	10	3423
880	11	3416
881	5	3428
882	8	3424
883	9	3424
884	13	3420
885	11	3422
886	16	3416
887	8	3425
888	10	3423
889	5	3428
890	10	3423
891	10	3423
892	10	3423
893	14	3413
894	9	3423
895	12	3420
896	3	3429
897	7	3426
898	13	3419
899	6	3427
900	5	3428
901	8	3418
902	6	3427
903	6	3427
904	4	3427
905	12	3421
906	6	3427
907	12	3421
908	12	3421
909	11	3422
910	11	3421
911	12	3421
912	9	3424
913	10	3422
914	11	3422
915	7	3425
916	8	3425
917	11	3422
918	7	3426
919	10	3423
920	11	3421
921	9	3424
922	8	3424
923	5	3428
924	10	3422
925	8	3425
926	9	3424
927	5	3428
928	10	3423
929	15	3416
930	10	3423
931	9	3424
932	10	3423
933	11	3421
934	13	3420
935	10	3423
936	6	3427
937	8	3425
938	7	3426
939	7	3426
940	13	3414
941	8	3425
942	8	3425
943	7	3426
944	8	3425
945	10	3423
946	13	3420
947	10	3423
948	8	3425
949	13	3420
950	11	3422
951	11	3422
952	11	3416
953	4	3428
954	8	3425
955	12	3421
956	9	3424
957	11	3422
958	13	3420
959	9	3423
960	14	3419
961	7	3426
962	9	3424
963	10	3423
964	6	3427
965	5	3428
966	13	3420
967	10	3423
968	7	3426
969	8	3425
970	15	3418
971	7	3426
972	17	3415
973	12	3421
974	11	3422
975	14	3418
976	8	3425
977	11	3422
978	10	3422
979	12	3421
980	10	3423
981	7	3426
982	8	3425
983	11	3422
984	12	3421
985	11	3422
986	9	3424
987	9	3422
988	7	3426
989	14	3413
990	9	3424
991	16	3415
992	7	3426
993	14	3419
994	8	3425
995	9	3424
996	7	3426
997	10	3423
998	8	3425
999	14	3419
1000	11	3422
1001	11	3422
1002	10	3423
1003	7	3425
1004	10	3423
1005	10	3423
1006	10	3423
1007	13	3415
1008	7	3426
1009	8	3425
1010	16	3415
1011	13	3420
1012	9	3424
1013	10	3423
1014	12	3421
1015	13	3420
1016	8	3424
1017	6	3427
1018	11	3422
1019	8	3425
1020	9	3424
1021	12	3420
1022	11	3422
1023	9	3424
1024	6	3427
1025	5	3428
1026	9	3424
1027	13	3420
1028	9	3424
1029	5	3428
1030	8	3425
1031	10	3423
1032	10	3423
1033	3	3430
1034	5	3427
1035	13	3420
1036	6	3427
1037	10	3423
1038	8	3425
1039	13	3420
1040	9	3424
1041	11	3422
1042	8	3425
1043	12	3421
1044	11	3422
1045	8	3425
1046	16	3417
1047	8	3425
1048	8	3425
1049	8	3425
1050	7	3426
1051	12	3420
1052	14	3419
1053	14	3419
1054	8	3425
1055	6	3427
1056	11	3422
1057	10	3423
1058	11	3422
1059	14	3418
1060	12	3419
1061	10	3421
1062	6	3426
1063	14	3419
1064	12	3415
1065	7	3426
1066	13	3420
1067	11	3422
1068	9	3424
1069	10	3416
1070	12	3421
1071	10	3423
1072	10	3421
1073	10	3422
1074	13	3420
1075	11	3422
1076	9	3424
1077	12	3420
1078	11	3421
1079	7	3425
1080	16	3417
1081	7	3426
1082	9	3424
1083	11	3422
1084	12	3421
1085	11	3422
1086	15	3418
1087	11	3422
1088	13	3419
1089	8	3423
1090	14	3419
1091	6	3427
1092	11	3422
1093	8	3425
1094	14	3413
1095	8	3425
1096	13	3419
1097	9	3424
1098	10	3423
1099	11	3416
1100	12	3421
1101	6	3427
1102	8	3425
1103	10	3423
1104	7	3426
1105	10	3423
1106	10	3423
1107	9	3424
1108	11	3422
1109	10	3423
1110	9	3424
1111	14	3419
1112	13	3420
1113	7	3426
1114	6	3427
1115	9	3424
1116	7	3426
1117	5	3428
1118	11	3422
1119	8	3425
1120	7	3426
1121	12	3420
1122	4	3429
1123	8	3425
1124	8	3425
1125	8	3425
1126	10	3423
1127	9	3424
1128	10	3423
1129	12	3421
1130	12	3420
1131	8	3425
1132	11	3422
1133	7	3426
1134	10	3423
1135	14	3419
1136	10	3423
1137	9	3424
1138	8	3425
1139	11	3422
1140	10	3423
1141	4	3429
1142	9	3424
1143	10	3422
1144	6	3427
1145	8	3425
1146	8	3425
1147	14	3418
1148	12	3421
1149	7	3426
1150	7	3426
1151	14	3419
1152	9	3423
1153	8	3425
1154	12	3421
1155	10	3423
1156	11	3422
1157	10	3423
1158	8	3425
1159	6	3427
1160	8	3425
1161	9	3424
1162	12	3421
1163	10	3422
1164	12	3420
1165	9	3424
1166	11	3422
1167	7	3426
1168	9	3424
1169	6	3427
1170	8	3425
1171	9	3424
1172	9	3424
1173	4	3429
1174	12	3420
1175	9	3424
1176	6	3427
1177	11	3421
1178	7	3425
1179	8	3425
1180	11	3421
1181	10	3423
1182	11	3422
1183	11	3422
1184	9	3424
1185	12	3421
1186	10	3423
1187	11	3422
1188	8	3425
1189	13	3420
1190	5	3428
1191	9	3424
1192	13	3420
1193	7	3426
1194	12	3421
1195	12	3420
1196	9	3423
1197	11	3422
1198	6	3427
1199	9	3423
1200	10	3423
1201	13	3420
1202	10	3423
1203	10	3423
1204	11	3422
1205	13	3420
1206	12	3421
1207	13	3419
1208	10	3423
1209	10	3422
1210	13	3420
1211	9	3424
1212	8	3425
1213	7	3426
1214	12	3419
1215	9	3424
1216	12	3421
1217	14	3419
1218	12	3420
1219	12	3420
1220	13	3420
1221	9	3423
1222	8	3425
1223	11	3422
1224	11	3422
1225	5	3428
1226	11	3422
1227	11	3422
1228	7	3426
1229	11	3422
1230	15	3417
1231	9	3423
1232	9	3424
1233	7	3426
1234	11	3422
1235	8	3424
1236	14	3417
1237	9	3424
1238	7	3426
1239	11	3416
1240	8	3425
1241	15	3418
1242	5	3428
1243	10	3422
1244	9	3424
1245	8	3425
1246	12	3421
1247	5	3428
1248	10	3423
1249	8	3425
1250	9	3423
1251	11	3422
1252	7	3426
1253	8	3425
1254	10	3423
1255	10	3422
1256	11	3422
1257	10	3423
1258	8	3425
1259	9	3424
1260	14	3418
1261	10	3423
1262	12	3420
1263	8	3425
1264	9	3424
1265	6	3427
1266	9	3424
1267	9	3424
1268	8	3425
1269	6	3427
1270	10	3423
1271	8	3425
1272	12	3421
1273	9	3424
1274	11	3422
1275	12	3420
1276	6	3426
1277	8	3425
1278	10	3423
1279	13	3420
1280	10	3422
1281	7	3426
1282	12	3421
1283	10	3422
1284	4	3429
1285	11	3422
1286	9	3424
1287	10	3423
1288	6	3427
1289	8	3425
1290	7	3426
1291	12	3421
1292	10	3423
1293	10	3423
1294	10	3423
1295	8	3425
1296	12	3421
1297	10	3423
1298	10	3422
1299	9	3423
1300	7	3426
1301	13	3420
1302	10	3423
1303	5	3428
1304	11	3422
1305	13	3420
1306	14	3419
1307	15	3418
1308	13	3420
1309	10	3423
1310	10	3423
1311	6	3426
1312	13	3419
1313	11	3416
1314	10	3423
1315	9	3424
1316	11	3422
1317	9	3424
1318	11	3421
1319	9	3424
1320	5	3428
1321	12	3420
1322	7	3426
1323	15	3418
1324	10	3423
1325	13	3420
1326	12	3420
1327	11	3421
1328	11	3421
1329	11	3422
1330	11	3422
1331	7	3426
1332	8	3425
1333	10	3422
1334	7	3426
1335	7	3426
1336	6	3427
1337	12	3419
1338	5	3428
1339	9	3423
1340	6	3426
1341	8	3425
1342	8	3425
1343	9	3424
1344	12	3420
1345	8	3425
1346	6	3427
1347	7	3426
1348	10	3423
1349	15	3418
1350	9	3424
1351	12	3421
1352	8	3425
1353	9	3424
1354	12	3421
1355	9	3424
1356	13	3420
1357	7	3426
1358	12	3421
1359	10	3423
1360	8	3425
1361	8	3425
1362	10	3422
1363	9	3424
1364	12	3421
1365	13	3420
1366	12	3421
1367	9	3424
1368	6	3427
1369	9	3424
1370	14	3419
1371	8	3425
1372	12	3421
1373	9	3423
1374	12	3421
1375	12	3421
1376	6	3426
1377	10	3422
1378	11	3422
1379	14	3419
1380	8	3425
1381	6	3426
1382	11	3422
1383	14	3419
1384	6	3427
1385	11	3422
1386	7	3426
1387	8	3425
1388	10	3423
1389	7	3425
1390	7	3426
1391	12	3421
1392	11	3422
1393	9	3424
1394	10	3422
1395	7	3426
1396	8	3425
1397	10	3422
1398	13	3420
1399	10	3423
1400	10	3423
1401	13	3419
1402	10	3421
1403	5	3428
1404	7	3426
1405	10	3423
1406	10	3423
1407	8	3425
1408	10	3423
1409	8	3425
1410	5	3428
1411	9	3424
1412	11	3422
1413	16	3417
1414	5	3428
1415	6	3422
1416	9	3424
1417	10	3423
1418	10	3423
1419	4	3429
1420	10	3423
1421	10	3423
1422	6	3427
1423	7	3426
1424	12	3421
1425	10	3423
1426	10	3423
1427	8	3425
1428	14	3418
1429	11	3422
1430	10	3422
1431	5	3428
1432	8	3425
1433	7	3426
1434	9	3424
1435	13	3420
1436	9	3424
1437	5	3428
1438	8	3424
1439	11	3422
1440	7	3426
1441	12	3421
1442	8	3425
1443	10	3423
1444	9	3424
1445	8	3425
1446	11	3422
1447	12	3420
1448	5	3428
1449	13	3420
1450	10	3423
1451	8	3425
1452	9	3424
1453	14	3418
1454	10	3423
1455	10	3423
1456	7	3425
1457	8	3425
1458	10	3423
1459	9	3424
1460	9	3424
1461	13	3420
1462	7	3426
1463	8	3425
1464	7	3426
1465	6	3427
1466	9	3424
1467	9	3424
1468	6	3427
1469	7	3426
1470	9	3424
1471	8	3425
1472	8	3425
1473	5	3422
1474	10	3423
1475	7	3426
1476	7	3426
1477	6	3427
1478	5	3428
1479	13	3420
1480	14	3413
1481	9	3424
1482	11	3422
1483	8	3425
1484	5	3428
1485	11	3422
1486	4	3429
1487	5	3428
1488	11	3421
1489	8	3425
1490	10	3423
1491	9	3419
1492	8	3425
1493	13	3419
1494	12	3421
1495	11	3421
1496	10	3423
1497	10	3417
1498	9	3423
1499	14	3413
1500	15	3418
1501	10	3423
1502	14	3419
1503	11	3422
1504	11	3421
1505	13	3420
1506	6	3427
1507	3	3430
1508	10	3423
1509	11	3421
1510	10	3423
1511	10	3422
1512	14	3418
1513	10	3423
1514	8	3425
1515	8	3424
1516	9	3424
1517	12	3420
1518	9	3423
1519	9	3424
1520	6	3426
1521	12	3420
1522	15	3418
1523	13	3420
1524	14	3419
1525	9	3423
1526	15	3417
1527	9	3424
1528	8	3425
1529	12	3420
1530	10	3423
1531	8	3423
1532	7	3426
1533	14	3419
1534	10	3423
1535	13	3420
1536	8	3425
1537	14	3419
1538	3	3430
1539	11	3422
1540	6	3427
1541	13	3420
1542	8	3425
1543	14	3419
1544	15	3412
1545	10	3423
1546	8	3424
1547	14	3419
1548	8	3424
1549	10	3422
1550	8	3424
1551	12	3421
1552	5	3428
1553	5	3428
1554	11	3421
1555	13	3420
1556	10	3422
1557	12	3421
1558	9	3417
1559	8	3424
1560	10	3422
1561	8	3424
1562	7	3425
1563	6	3427
1564	4	3429
1565	12	3421
1566	9	3424
1567	15	3418
1568	5	3427
1569	7	3424
1570	13	3420
1571	12	3421
1572	7	3426
1573	11	3422
1574	8	3425
1575	8	3425
1576	7	3426
1577	9	3423
1578	12	3421
1579	9	3424
1580	11	3422
1581	8	3425
1582	14	3417
1583	6	3427
1584	7	3426
1585	12	3421
1586	8	3425
1587	8	3424
1588	12	3421
1589	15	3417
1590	13	3420
1591	11	3422
1592	8	3425
1593	10	3422
1594	8	3425
1595	10	3423
1596	8	3425
1597	11	3422
1598	9	3424
1599	15	3410
1600	13	3419
1601	9	3424
1602	11	3422
1603	6	3427
1604	15	3418
1605	8	3424
1606	10	3423
1607	14	3419
1608	10	3423
1609	5	3428
1610	8	3425
1611	8	3425
1612	7	3426
1613	12	3421
1614	8	3424
1615	10	3422
1616	13	3420
1617	11	3421
1618	9	3424
1619	11	3422
1620	10	3423
1621	6	3427
1622	9	3423
1623	13	3420
1624	9	3424
1625	6	3427
1626	8	3424
1627	12	3421
1628	9	3424
1629	6	3427
1630	17	3415
1631	9	3424
1632	10	3423
1633	8	3425
1634	9	3424
1635	7	3426
1636	9	3424
1637	10	3422
1638	8	3425
1639	8	3425
1640	11	3422
1641	11	3422
1642	6	3427
1643	16	3417
1644	6	3427
1645	10	3423
1646	18	3414
1647	11	3422
1648	9	3424
1649	5	3428
1650	7	3425
1651	7	3426
1652	8	3425
1653	12	3421
1654	12	3421
1655	15	3418
1656	12	3421
1657	10	3422
1658	8	3425
1659	10	3423
1660	10	3422
1661	8	3425
1662	10	3423
1663	8	3425
1664	15	3417
1665	12	3421
1666	5	3428
1667	12	3420
1668	11	3422
1669	15	3418
1670	12	3421
1671	11	3421
1672	11	3422
1673	8	3424
1674	8	3424
1675	10	3423
1676	8	3424
1677	5	3428
1678	11	3422
1679	8	3425
1680	15	3417
1681	9	3424
1682	9	3423
1683	14	3413
1684	12	3420
1685	8	3425
1686	10	3422
1687	12	3419
1688	16	3411
1689	8	3425
1690	10	3422
1691	13	3420
1692	12	3421
1693	7	3426
1694	9	3423
1695	7	3426
1696	9	3419
1697	12	3414
1698	11	3421
1699	9	3423
1700	9	3424
1701	10	3423
1702	8	3425
1703	10	3423
1704	7	3425
1705	8	3424
1706	6	3427
1707	8	3425
1708	4	3428
1709	5	3428
1710	9	3423
1711	10	3423
1712	6	3427
1713	10	3422
1714	8	3425
1715	12	3415
1716	13	3420
1717	6	3427
1718	11	3422
1719	9	3424
1720	10	3423
1721	11	3422
1722	9	3423
1723	8	3424
1724	8	3425
1725	9	3418
1726	9	3424
1727	11	3421
1728	6	3427
1729	10	3422
1730	9	3424
1731	12	3418
1732	8	3424
1733	11	3421
1734	10	3422
1735	8	3425
1736	10	3423
1737	5	3428
1738	10	3423
1739	10	3422
1740	13	3420
1741	11	3422
1742	10	3423
1743	8	3424
1744	9	3424
1745	11	3422
1746	6	3427
1747	6	3426
1748	8	3425
1749	10	3423
1750	10	3422
1751	5	3428
1752	8	3424
1753	12	3421
1754	8	3425
1755	7	3425
1756	3	3430
1757	11	3421
1758	6	3426
1759	10	3423
1760	12	3421
1761	6	3427
1762	9	3423
1763	12	3421
1764	9	3424
1765	11	3422
1766	9	3424
1767	9	3424
1768	8	3425
1769	4	3429
1770	6	3425
1771	11	3422
1772	12	3421
1773	7	3426
1774	10	3422
1775	10	3422
1776	10	3423
1777	8	3424
1778	12	3420
1779	12	3421
1780	10	3422
1781	5	3428
1782	9	3424
1783	11	3421
1784	6	3427
1785	9	3424
1786	11	3422
1787	4	3429
1788	5	3428
1789	7	3425
1790	9	3424
1791	11	3422
1792	9	3423
1793	7	3426
1794	11	3422
1795	10	3422
1796	13	3415
1797	6	3427
1798	7	3426
1799	13	3420
1800	7	3426
1801	10	3422
1802	9	3424
1803	11	3416
1804	11	3422
1805	7	3426
1806	10	3423
1807	15	3417
1808	9	3424
1809	7	3425
1810	9	3424
1811	6	3426
1812	9	3424
1813	10	3421
1814	10	3423
1815	8	3425
1816	12	3421
1817	11	3422
1818	14	3418
1819	13	3420
1820	14	3418
1821	7	3425
1822	10	3423
1823	16	3417
1824	14	3419
1825	9	3422
1826	12	3421
1827	8	3425
1828	6	3427
1829	10	3423
1830	11	3422
1831	11	3421
1832	10	3422
1833	8	3425
1834	13	3420
1835	9	3423
1836	10	3423
1837	7	3426
1838	15	3418
1839	12	3421
1840	11	3421
1841	9	3423
1842	9	3424
1843	9	3424
1844	9	3423
1845	14	3418
1846	12	3420
1847	10	3422
1848	9	3424
1849	10	3423
1850	8	3425
1851	8	3425
1852	15	3418
1853	14	3418
1854	11	3421
1855	9	3424
1856	9	3419
1857	9	3424
1858	12	3421
1859	16	3416
1860	8	3425
1861	12	3421
1862	6	3427
1863	8	3424
1864	8	3425
1865	8	3425
1866	5	3427
1867	8	3424
1868	10	3423
1869	11	3422
1870	13	3419
1871	9	3424
1872	8	3424
1873	8	3424
1874	9	3424
1875	9	3424
1876	9	3424
1877	11	3422
1878	11	3422
1879	13	3420
1880	9	3423
1881	14	3418
1882	13	3419
1883	12	3421
1884	13	3420
1885	12	3421
1886	8	3425
1887	11	3422
1888	11	3422
1889	8	3424
1890	12	3420
1891	15	3417
1892	12	3419
1893	10	3423
1894	10	3423
1895	6	3426
1896	8	3425
1897	9	3424
1898	10	3422
1899	10	3423
1900	8	3425
1901	9	3424
1902	11	3421
1903	7	3426
1904	14	3419
1905	7	3425
1906	8	3425
1907	4	3428
1908	2	3431
1909	8	3423
1910	7	3425
1911	11	3422
1912	6	3426
1913	13	3419
1914	10	3423
1915	10	3422
1916	9	3423
1917	11	3421
1918	11	3422
1919	7	3426
1920	10	3422
1921	8	3425
1922	10	3422
1923	5	3428
1924	9	3424
1925	10	3422
1926	9	3423
1927	7	3426
1928	11	3422
1929	13	3419
1930	11	3422
1931	7	3426
1932	13	3419
1933	5	3428
1934	10	3422
1935	8	3425
1936	8	3425
1937	8	3425
1938	9	3424
1939	10	3423
1940	7	3426
1941	11	3422
1942	6	3427
1943	6	3427
1944	8	3424
1945	9	3422
1946	12	3420
1947	9	3424
1948	3	3430
1949	12	3421
1950	8	3425
1951	13	3420
1952	7	3426
1953	5	3427
1954	15	3418
1955	7	3426
1956	9	3424
1957	9	3424
1958	6	3427
1959	11	3422
1960	8	3425
1961	12	3420
1962	9	3424
1963	10	3422
1964	8	3425
1965	7	3426
1966	7	3426
1967	8	3425
1968	6	3427
1969	10	3423
1970	7	3425
1971	10	3423
1972	6	3427
1973	10	3423
1974	8	3425
1975	10	3423
1976	7	3426
1977	5	3428
1978	9	3424
1979	10	3423
1980	10	3422
1981	9	3424
1982	9	3424
1983	6	3426
1984	5	3428
1985	4	3429
1986	10	3423
1987	9	3423
1988	8	3425
1989	12	3421
1990	9	3424
1991	8	3425
1992	6	3427
1993	7	3426
1994	10	3423
1995	6	3427
1996	7	3426
1997	12	3420
1998	8	3425
1999	9	3424
2000	6	3427
2001	4	3429
2002	9	3424
2003	9	3424
2004	8	3425
2005	8	3425
2006	10	3423
2007	8	3425
2008	10	3423
2009	9	3423
2010	10	3423
2011	9	3423
2012	12	3421
2013	4	3428
2014	8	3425
2015	6	3427
2016	6	3427
2017	9	3424
2018	2	3431
2019	3	3430
2020	4	3429
2021	9	3424
2022	13	3420
2023	7	3426
2024	11	3422
2025	6	3426
2026	6	3426
2027	7	3425
2028	3	3430
2029	11	3422
2030	7	3425
2031	6	3427
2032	12	3421
2033	9	3424
2034	7	3426
2035	5	3428
2036	10	3423
2037	12	3420
2038	10	3422
2039	9	3423
2040	7	3426
2041	13	3420
2042	10	3423
2043	9	3424
2044	6	3427
2045	7	3426
2046	9	3424
2047	5	3428
2048	4	3429
2049	11	3422
2050	8	3425
2051	6	3427
2052	12	3421
2053	12	3421
2054	8	3424
2055	7	3426
2056	9	3424
2057	8	3425
2058	9	3424
2059	11	3422
2060	8	3425
2061	11	3422
2062	11	3422
2063	5	3428
2064	10	3423
2065	6	3427
2066	9	3424
2067	8	3425
2068	11	3417
2069	11	3422
2070	8	3425
2071	7	3426
2072	10	3423
2073	6	3427
2074	5	3428
2075	6	3427
2076	4	3422
2077	8	3424
2078	13	3419
2079	5	3428
2080	8	3424
2081	5	3428
2082	8	3425
2083	9	3424
2084	10	3423
2085	8	3425
2086	7	3426
2087	12	3421
2088	10	3423
2089	8	3418
2090	9	3424
2091	11	3422
2092	10	3423
2093	9	3424
2094	11	3422
2095	4	3429
2096	10	3423
2097	12	3421
2098	10	3423
2099	11	3422
2100	7	3426
2101	8	3425
2102	7	3426
2103	14	3419
2104	10	3423
2105	8	3425
2106	6	3427
2107	12	3421
2108	8	3425
2109	8	3424
2110	7	3426
2111	4	3429
2112	7	3426
2113	12	3421
2114	9	3423
2115	9	3424
2116	7	3426
2117	9	3424
2118	11	3422
2119	13	3420
2120	8	3425
2121	12	3421
2122	10	3423
2123	10	3423
2124	7	3426
2125	8	3425
2126	10	3423
2127	6	3427
2128	10	3423
2129	9	3424
2130	9	3423
2131	8	3425
2132	12	3421
2133	9	3424
2134	11	3422
2135	3	3430
2136	10	3423
2137	6	3427
2138	6	3427
2139	9	3424
2140	11	3421
2141	8	3425
2142	8	3424
2143	9	3424
2144	14	3417
2145	6	3427
2146	8	3424
2147	9	3424
2148	12	3420
2149	6	3427
2150	9	3424
2151	9	3424
2152	11	3417
2153	12	3420
2154	11	3421
2155	11	3422
2156	10	3423
2157	7	3426
2158	7	3426
2159	9	3424
2160	7	3424
2161	7	3426
2162	7	3426
2163	12	3421
2164	8	3424
2165	9	3424
2166	7	3420
2167	11	3422
2168	10	3422
2169	9	3424
2170	11	3422
2171	10	3422
2172	6	3427
2173	14	3419
2174	9	3423
2175	9	3424
2176	6	3427
2177	7	3426
2178	8	3424
2179	7	3426
2180	10	3423
2181	11	3422
2182	10	3422
2183	7	3425
2184	16	3417
2185	8	3425
2186	3	3430
2187	13	3420
2188	7	3426
2189	8	3425
2190	12	3421
2191	5	3428
2192	9	3424
2193	10	3423
2194	10	3423
2195	11	3421
2196	8	3425
2197	9	3423
2198	6	3427
2199	11	3421
2200	9	3424
2201	7	3426
2202	9	3424
2203	4	3429
2204	8	3425
2205	12	3421
2206	9	3424
2207	6	3427
2208	8	3425
2209	13	3418
2210	10	3423
2211	14	3418
2212	7	3426
2213	13	3420
2214	10	3423
2215	6	3427
2216	10	3423
2217	6	3427
2218	12	3421
2219	12	3421
2220	8	3425
2221	7	3426
2222	8	3425
2223	13	3420
2224	11	3422
2225	8	3425
2226	10	3422
2227	7	3423
2228	12	3421
2229	5	3428
2230	7	3426
2231	7	3426
2232	8	3424
2233	10	3423
2234	4	3429
2235	10	3422
2236	9	3424
2237	12	3421
2238	4	3429
2239	9	3424
2240	6	3427
2241	7	3426
2242	7	3426
2243	10	3423
2244	6	3427
2245	8	3425
2246	12	3421
2247	8	3425
2248	11	3422
2249	12	3421
2250	12	3421
2251	6	3427
2252	12	3421
2253	6	3426
2254	7	3426
2255	11	3421
2256	11	3422
2257	9	3424
2258	8	3425
2259	8	3425
2260	11	3422
2261	13	3420
2262	9	3424
2263	8	3424
2264	12	3421
2265	7	3426
2266	5	3428
2267	12	3421
2268	11	3415
2269	9	3424
2270	10	3423
2271	8	3425
2272	10	3423
2273	11	3422
2274	10	3416
2275	7	3426
2276	11	3422
2277	6	3427
2278	9	3424
2279	8	3425
2280	11	3422
2281	4	3429
2282	14	3419
2283	8	3425
2284	10	3423
2285	6	3427
2286	6	3427
2287	10	3423
2288	6	3427
2289	11	3422
2290	8	3424
2291	8	3425
2292	6	3427
2293	7	3425
2294	16	3417
2295	8	3425
2296	5	3428
2297	12	3421
2298	12	3421
2299	9	3424
2300	9	3424
2301	4	3429
2302	9	3424
2303	9	3424
2304	8	3425
2305	12	3421
2306	14	3414
2307	10	3423
2308	10	3423
2309	9	3424
2310	11	3421
2311	8	3425
2312	14	3419
2313	10	3423
2314	9	3424
2315	4	3428
2316	5	3428
2317	10	3423
2318	6	3427
2319	5	3428
2320	10	3423
2321	8	3425
2322	8	3425
2323	7	3426
2324	8	3425
2325	5	3428
2326	10	3423
2327	6	3427
2328	8	3424
2329	6	3427
2330	11	3422
2331	5	3428
2332	8	3425
2333	9	3424
2334	9	3424
2335	7	3426
2336	11	3422
2337	12	3421
2338	10	3423
2339	8	3425
2340	11	3422
2341	10	3422
2342	5	3428
2343	4	3424
2344	2	3430
2345	8	3425
2346	10	3422
2347	11	3421
2348	9	3424
2349	8	3425
2350	8	3425
2351	7	3426
2352	6	3427
2353	7	3426
2354	5	3428
2355	4	3429
2356	7	3426
2357	8	3425
2358	8	3425
2359	13	3420
2360	10	3422
2361	13	3420
2362	9	3424
2363	9	3424
2364	8	3425
2365	8	3425
2366	7	3426
2367	8	3425
2368	9	3424
2369	11	3422
2370	8	3425
2371	3	3430
2372	10	3423
2373	8	3425
2374	8	3425
2375	8	3425
2376	8	3419
2377	9	3424
2378	8	3425
2379	9	3423
2380	6	3427
2381	9	3424
2382	7	3426
2383	5	3428
2384	5	3428
2385	11	3422
2386	5	3428
2387	9	3424
2388	9	3424
2389	11	3422
2390	10	3423
2391	8	3425
2392	8	3424
2393	3	3429
2394	15	3418
2395	10	3423
2396	12	3421
2397	8	3425
2398	6	3426
2399	11	3422
2400	6	3427
2401	9	3424
2402	11	3422
2403	4	3429
2404	9	3424
2405	7	3426
2406	13	3419
2407	9	3424
2408	5	3428
2409	10	3417
2410	5	3428
2411	7	3426
2412	11	3417
2413	10	3423
2414	8	3424
2415	13	3420
2416	9	3424
2417	12	3421
2418	10	3423
2419	8	3425
2420	7	3426
2421	11	3421
2422	4	3429
2423	7	3425
2424	8	3425
2425	8	3425
2426	6	3427
2427	7	3426
2428	7	3426
2429	9	3424
2430	7	3426
2431	7	3425
2432	5	3428
2433	4	3428
2434	9	3423
2435	10	3423
2436	9	3423
2437	5	3428
2438	11	3422
2439	5	3428
2440	11	3422
2441	10	3423
2442	5	3428
2443	8	3425
2444	6	3427
2445	8	3425
2446	9	3424
2447	10	3423
2448	12	3421
2449	11	3422
2450	3	3430
2451	10	3423
2452	5	3428
2453	10	3422
2454	12	3421
2455	6	3427
2456	14	3419
2457	12	3420
2458	11	3422
2459	8	3425
2460	9	3424
2461	10	3423
2462	8	3425
2463	9	3423
2464	9	3424
2465	8	3419
2466	12	3420
2467	7	3425
2468	6	3427
2469	9	3424
2470	10	3423
2471	6	3427
2472	8	3424
2473	7	3426
2474	12	3420
2475	12	3419
2476	12	3421
2477	7	3426
2478	7	3426
2479	12	3421
2480	8	3425
2481	10	3423
2482	11	3422
2483	8	3425
2484	8	3425
2485	4	3428
2486	9	3424
2487	7	3425
2488	9	3424
2489	10	3423
2490	8	3424
2491	7	3426
2492	11	3422
2493	5	3428
2494	8	3425
2495	6	3427
2496	10	3423
2497	3	3430
2498	14	3419
2499	8	3424
2500	8	3425
2501	6	3426
2502	9	3424
2503	4	3428
2504	10	3422
2505	6	3427
2506	7	3426
2507	9	3424
2508	6	3426
2509	9	3424
2510	10	3423
2511	13	3420
2512	7	3425
2513	6	3427
2514	8	3425
2515	10	3422
2516	11	3421
2517	8	3425
2518	9	3423
2519	13	3419
2520	7	3426
2521	11	3422
2522	7	3426
2523	10	3423
2524	10	3423
2525	15	3417
2526	10	3423
2527	9	3418
2528	8	3425
2529	9	3422
2530	9	3424
2531	6	3426
2532	7	3426
2533	10	3423
2534	14	3419
2535	7	3426
2536	12	3421
2537	7	3426
2538	6	3427
2539	6	3427
2540	12	3421
2541	8	3425
2542	9	3424
2543	10	3423
2544	7	3426
2545	10	3423
2546	9	3424
2547	8	3425
2548	8	3425
2549	10	3423
2550	7	3426
2551	8	3425
2552	11	3422
2553	12	3420
2554	7	3426
2555	6	3426
2556	10	3423
2557	5	3428
2558	13	3420
2559	9	3424
2560	4	3429
2561	8	3425
2562	7	3426
2563	13	3420
2564	9	3424
2565	9	3424
2566	9	3424
2567	12	3421
2568	9	3424
2569	5	3428
2570	8	3424
2571	11	3422
2572	9	3424
2573	10	3421
2574	9	3424
2575	10	3423
2576	11	3422
2577	5	3427
2578	9	3424
2579	7	3424
2580	11	3422
2581	7	3426
2582	9	3424
2583	16	3417
2584	11	3422
2585	6	3427
2586	12	3420
2587	6	3427
2588	10	3423
2589	5	3428
2590	8	3425
2591	9	3424
2592	8	3425
2593	7	3425
2594	11	3422
2595	9	3424
2596	8	3425
2597	7	3426
2598	8	3425
2599	7	3426
2600	13	3419
2601	7	3426
2602	5	3428
2603	8	3425
2604	8	3424
2605	9	3424
2606	7	3426
2607	7	3420
2608	7	3426
2609	11	3422
2610	7	3425
2611	12	3420
2612	7	3426
2613	8	3425
2614	11	3422
2615	12	3421
2616	12	3421
2617	11	3422
2618	3	3430
2619	10	3423
2620	8	3425
2621	7	3426
2622	13	3420
2623	11	3422
2624	4	3429
2625	7	3426
2626	7	3426
2627	8	3424
2628	2	3425
2629	13	3420
2630	11	3422
2631	8	3424
2632	10	3423
2633	4	3429
2634	9	3424
2635	13	3420
2636	8	3424
2637	7	3426
2638	16	3417
2639	6	3427
2640	7	3426
2641	12	3421
2642	10	3423
2643	8	3424
2644	7	3426
2645	4	3429
2646	10	3418
2647	7	3426
2648	11	3422
2649	11	3422
2650	9	3424
2651	15	3418
2652	6	3427
2653	9	3424
2654	10	3423
2655	10	3423
2656	8	3425
2657	7	3426
2658	10	3423
2659	6	3427
2660	9	3424
2661	7	3426
2662	11	3421
2663	11	3422
2664	11	3421
2665	6	3427
2666	15	3418
2667	15	3405
2668	9	3424
2669	12	3420
2670	12	3421
2671	11	3422
2672	9	3424
2673	12	3421
2674	14	3419
2675	10	3423
2676	8	3425
2677	10	3423
2678	9	3424
2679	11	3422
2680	5	3428
2681	12	3421
2682	9	3424
2683	13	3420
2684	8	3425
2685	7	3426
2686	8	3425
2687	12	3420
2688	12	3421
2689	11	3422
2690	11	3421
2691	9	3424
2692	7	3426
2693	18	3414
2694	10	3423
2695	8	3425
2696	8	3425
2697	10	3421
2698	6	3427
2699	7	3426
2700	13	3420
2701	8	3425
2702	8	3425
2703	10	3423
2704	5	3428
2705	8	3425
2706	10	3423
2707	8	3425
2708	9	3424
2709	9	3424
2710	10	3423
2711	6	3427
2712	8	3425
2713	5	3428
2714	11	3422
2715	5	3428
2716	7	3426
2717	14	3419
2718	8	3425
2719	12	3421
2720	5	3428
2721	10	3423
2722	9	3424
2723	9	3424
2724	12	3421
2725	11	3422
2726	9	3423
2727	9	3424
2728	10	3423
2729	13	3420
2730	9	3424
2731	8	3425
2732	12	3421
2733	11	3422
2734	13	3420
2735	6	3427
2736	9	3424
2737	7	3426
2738	7	3426
2739	11	3422
2740	12	3421
2741	8	3425
2742	14	3418
2743	9	3424
2744	8	3424
2745	13	3420
2746	8	3425
2747	12	3421
2748	13	3420
2749	8	3425
2750	5	3428
2751	8	3425
2752	10	3423
2753	7	3426
2754	8	3425
2755	7	3426
2756	15	3418
2757	9	3424
2758	10	3423
2759	10	3423
2760	17	3416
2761	9	3424
2762	11	3422
2763	15	3418
2764	8	3425
2765	10	3423
2766	9	3423
2767	10	3422
2768	9	3424
2769	8	3425
2770	7	3426
2771	7	3426
2772	10	3423
2773	10	3423
2774	11	3422
2775	10	3423
2776	11	3416
2777	11	3422
2778	11	3421
2779	11	3422
2780	12	3421
2781	10	3423
2782	12	3420
2783	6	3427
2784	11	3422
2785	13	3420
2786	10	3418
2787	17	3411
2788	12	3421
2789	10	3423
2790	10	3423
2791	10	3423
2792	10	3423
2793	6	3426
2794	13	3412
2795	11	3421
2796	15	3418
2797	11	3421
2798	10	3423
2799	6	3427
2800	9	3424
2801	10	3423
2802	8	3425
2803	12	3420
2804	9	3424
2805	10	3423
2806	14	3419
2807	7	3426
2808	12	3421
2809	9	3424
2810	7	3426
2811	15	3418
2812	8	3424
2813	12	3421
2814	8	3425
2815	7	3426
2816	12	3421
2817	11	3422
2818	12	3421
2819	8	3425
2820	7	3426
2821	8	3425
2822	8	3425
2823	5	3428
2824	7	3426
2825	7	3426
2826	11	3422
2827	13	3420
2828	9	3423
2829	7	3426
2830	7	3425
2831	9	3424
2832	12	3421
2833	10	3423
2834	13	3420
2835	11	3422
2836	10	3423
2837	11	3422
2838	7	3426
2839	11	3422
2840	11	3422
2841	12	3420
2842	13	3420
2843	11	3422
2844	10	3423
2845	19	3414
2846	9	3424
2847	6	3426
2848	8	3425
2849	7	3426
2850	5	3428
2851	10	3423
2852	10	3423
2853	5	3428
2854	11	3420
2855	7	3426
2856	15	3418
2857	13	3420
2858	11	3422
2859	7	3426
2860	8	3425
2861	12	3420
2862	6	3427
2863	7	3425
2864	15	3418
2865	17	3416
2866	10	3423
2867	9	3424
2868	16	3416
2869	7	3426
2870	11	3422
2871	11	3422
2872	6	3427
2873	7	3425
2874	15	3418
2875	3	3430
2876	10	3423
2877	6	3427
2878	8	3425
2879	10	3423
2880	8	3425
2881	6	3427
2882	14	3419
2883	6	3425
2884	6	3427
2885	5	3428
2886	8	3425
2887	9	3424
2888	8	3425
2889	11	3422
2890	7	3426
2891	11	3422
2892	9	3423
2893	7	3425
2894	4	3429
2895	11	3422
2896	10	3423
2897	13	3420
2898	9	3424
2899	8	3425
2900	12	3421
2901	14	3419
2902	9	3424
2903	12	3421
2904	10	3421
2905	8	3425
2906	4	3429
2907	5	3428
2908	8	3419
2909	8	3425
2910	10	3423
2911	10	3423
2912	13	3420
2913	4	3429
2914	9	3424
2915	11	3422
2916	7	3425
2917	8	3425
2918	9	3424
2919	10	3423
2920	9	3424
2921	7	3426
2922	6	3426
2923	7	3426
2924	8	3425
2925	5	3427
2926	5	3428
2927	12	3420
2928	7	3426
2929	8	3425
2930	9	3418
2931	11	3422
2932	7	3426
2933	8	3425
2934	6	3427
2935	10	3423
2936	4	3429
2937	11	3420
2938	5	3428
2939	14	3417
2940	7	3426
2941	5	3427
2942	6	3427
2943	16	3416
2944	7	3425
2945	11	3422
2946	10	3423
2947	8	3418
2948	9	3423
2949	9	3418
2950	7	3426
2951	6	3427
2952	9	3424
2953	12	3420
2954	9	3424
2955	10	3423
2956	12	3421
2957	7	3426
2958	8	3425
2959	11	3415
2960	16	3417
2961	10	3422
2962	11	3421
2963	10	3422
2964	9	3424
2965	13	3419
2966	8	3425
2967	9	3424
2968	7	3426
2969	10	3423
2970	7	3425
2971	8	3424
2972	8	3425
2973	12	3421
2974	9	3424
2975	12	3421
2976	8	3424
2977	12	3420
2978	6	3427
2979	6	3427
2980	6	3427
2981	10	3423
2982	11	3422
2983	11	3421
2984	10	3423
2985	10	3423
2986	8	3424
2987	5	3428
2988	9	3424
2989	8	3425
2990	12	3421
2991	11	3422
2992	8	3424
2993	10	3421
2994	7	3425
2995	10	3423
2996	5	3428
2997	12	3420
2998	5	3428
2999	11	3421
3000	7	3421
3001	9	3423
3002	7	3426
3003	8	3425
3004	8	3425
3005	8	3424
3006	9	3424
3007	8	3425
3008	8	3425
3009	13	3418
3010	10	3423
3011	9	3424
3012	9	3423
3013	12	3419
3014	9	3424
3015	13	3418
3016	8	3425
3017	9	3424
3018	10	3417
3019	7	3426
3020	11	3422
3021	10	3423
3022	7	3426
3023	11	3422
3024	12	3421
3025	5	3428
3026	9	3424
3027	12	3420
3028	11	3416
3029	5	3428
3030	5	3428
3031	7	3426
3032	7	3426
3033	13	3419
3034	4	3429
3035	9	3424
3036	11	3421
3037	6	3420
3038	7	3426
3039	10	3423
3040	10	3423
3041	9	3424
3042	8	3425
3043	7	3426
3044	10	3422
3045	6	3427
3046	9	3424
3047	10	3423
3048	8	3425
3049	10	3423
3050	12	3416
3051	8	3425
3052	8	3425
3053	9	3424
3054	10	3423
3055	9	3424
3056	15	3418
3057	8	3425
3058	6	3427
3059	9	3423
3060	8	3424
3061	8	3425
3062	7	3426
3063	12	3421
3064	5	3428
3065	6	3427
3066	10	3423
3067	4	3429
3068	9	3424
3069	7	3426
3070	4	3429
3071	8	3424
3072	9	3424
3073	10	3423
3074	8	3425
3075	15	3418
3076	9	3424
3077	6	3427
3078	8	3425
3079	9	3424
3080	9	3424
3081	9	3424
3082	12	3421
3083	8	3424
3084	9	3424
3085	13	3420
3086	10	3423
3087	11	3422
3088	12	3421
3089	14	3419
3090	5	3428
3091	12	3419
3092	10	3423
3093	12	3421
3094	12	3421
3095	11	3422
3096	10	3423
3097	14	3419
3098	7	3426
3099	6	3427
3100	7	3426
3101	10	3423
3102	13	3420
3103	17	3415
3104	11	3422
3105	9	3423
3106	9	3424
3107	10	3423
3108	9	3423
3109	15	3418
3110	10	3422
3111	9	3424
3112	9	3424
3113	10	3423
3114	12	3421
3115	8	3425
3116	6	3421
3117	12	3420
3118	9	3424
3119	10	3423
3120	6	3427
3121	8	3425
3122	6	3427
3123	9	3424
3124	10	3423
3125	13	3419
3126	9	3424
3127	9	3424
3128	11	3422
3129	7	3426
3130	11	3422
3131	7	3426
3132	6	3427
3133	5	3428
3134	6	3427
3135	9	3424
3136	10	3423
3137	12	3421
3138	8	3423
3139	9	3424
3140	5	3428
3141	4	3429
3142	8	3425
3143	6	3427
3144	9	3424
3145	12	3420
3146	4	3429
3147	11	3422
3148	8	3425
3149	4	3429
3150	9	3423
3151	10	3423
3152	10	3423
3153	14	3417
3154	7	3426
3155	7	3426
3156	10	3423
3157	6	3426
3158	10	3423
3159	7	3426
3160	7	3426
3161	8	3425
3162	7	3426
3163	11	3422
3164	8	3425
3165	5	3428
3166	12	3421
3167	12	3419
3168	7	3421
3169	10	3423
3170	9	3423
3171	8	3425
3172	3	3430
3173	12	3421
3174	12	3421
3175	8	3425
3176	8	3424
3177	12	3420
3178	8	3425
3179	11	3422
3180	13	3419
3181	14	3419
3182	13	3420
3183	12	3421
3184	8	3425
3185	11	3422
3186	8	3425
3187	9	3424
3188	12	3421
3189	10	3423
3190	12	3421
3191	5	3428
3192	11	3422
3193	8	3424
3194	9	3424
3195	11	3421
3196	7	3426
3197	9	3424
3198	7	3426
3199	9	3424
3200	10	3423
3201	5	3427
3202	10	3423
3203	10	3422
3204	10	3423
3205	9	3424
3206	10	3423
3207	8	3425
3208	8	3425
3209	7	3426
3210	5	3428
3211	9	3422
3212	4	3429
3213	9	3419
3214	10	3423
3215	12	3421
3216	9	3424
3217	10	3423
3218	9	3424
3219	8	3425
3220	8	3424
3221	7	3426
3222	12	3421
3223	6	3427
3224	10	3423
3225	10	3421
3226	8	3425
3227	11	3422
3228	10	3421
3229	12	3420
3230	4	3429
3231	11	3422
3232	8	3425
3233	9	3423
3234	8	3425
3235	12	3421
3236	12	3421
3237	10	3422
3238	6	3427
3239	7	3426
3240	7	3426
3241	10	3423
3242	7	3426
3243	17	3416
3244	8	3425
3245	12	3421
3246	11	3422
3247	6	3427
3248	9	3424
3249	10	3423
3250	8	3425
3251	7	3425
3252	7	3425
3253	5	3428
3254	10	3423
3255	13	3420
3256	10	3423
3257	7	3426
3258	7	3426
3259	9	3424
3260	8	3424
3261	7	3426
3262	12	3416
3263	15	3418
3264	11	3422
3265	12	3421
3266	8	3425
3267	10	3423
3268	8	3425
3269	10	3423
3270	9	3424
3271	13	3420
3272	8	3425
3273	11	3422
3274	9	3424
3275	9	3424
3276	10	3423
3277	3	3430
3278	6	3427
3279	8	3425
3280	7	3426
3281	4	3429
3282	6	3427
3283	10	3417
3284	9	3424
3285	4	3429
3286	8	3425
3287	10	3423
3288	7	3426
3289	11	3422
3290	11	3422
3291	9	3423
3292	11	3422
3293	5	3426
3294	10	3423
3295	12	3421
3296	10	3423
3297	11	3422
3298	12	3421
3299	14	3419
3300	9	3424
3301	10	3423
3302	14	3419
3303	11	3422
3304	3	3430
3305	7	3426
3306	7	3426
3307	10	3423
3308	8	3425
3309	7	3426
3310	7	3426
3311	11	3422
3312	8	3425
3313	12	3420
3314	9	3424
3315	6	3427
3316	11	3422
3317	7	3426
3318	6	3427
3319	7	3426
3320	7	3426
3321	7	3426
3322	11	3422
3323	11	3416
3324	8	3425
3325	8	3425
3326	11	3422
3327	12	3421
3328	6	3427
3329	12	3419
3330	9	3424
3331	6	3427
3332	10	3422
3333	10	3423
3334	8	3424
3335	14	3419
3336	6	3427
3337	7	3426
3338	6	3427
3339	7	3426
3340	9	3424
3341	9	3424
3342	7	3426
3343	5	3428
3344	10	3423
3345	7	3425
3346	9	3424
3347	6	3427
3348	9	3424
3349	9	3424
3350	8	3424
3351	10	3423
3352	12	3416
3353	11	3422
3354	13	3420
3355	7	3426
3356	13	3420
3357	9	3424
3358	10	3423
3359	5	3428
3360	11	3422
3361	9	3424
3362	3	3430
3363	3	3430
3364	14	3414
3365	10	3423
3366	8	3425
3367	8	3425
3368	8	3425
3369	8	3425
3370	10	3423
3371	8	3425
3372	10	3423
3373	5	3428
3374	10	3423
3375	9	3424
3376	8	3425
3377	10	3423
3378	7	3426
3379	8	3425
3380	6	3427
3381	9	3424
3382	8	3425
3383	9	3424
3384	13	3420
3385	4	3429
3386	7	3426
3387	4	3429
3388	6	3427
3389	11	3422
3390	7	3426
3391	6	3427
3392	11	3422
3393	10	3423
3394	9	3424
3395	7	3426
3396	5	3428
3397	7	3426
3398	10	3423
3399	4	3429
3400	12	3421
3401	9	3424
3402	5	3428
3403	9	3424
3404	5	3428
3405	7	3426
3406	5	3428
3407	13	3419
3408	8	3425
3409	9	3424
3410	8	3424
3411	9	3424
3412	9	3424
3413	7	3426
3414	11	3422
3415	9	3424
3416	7	3426
3417	10	3423
3418	7	3425
3419	7	3426
3420	5	3428
3421	10	3423
3422	9	3423
3423	11	3422
3424	3	3430
3425	10	3423
3426	4	3429
3427	4	3429
3428	7	3426
3429	5	3428
3430	7	3426
3431	10	3423
3432	8	3425
3433	8	3425
3434	7	3425
3435	10	3422
3436	6	3427
3437	5	3428
3438	9	3424
3439	13	3420
3440	6	3427
3441	8	3424
3442	3	3430
3443	5	3428
3444	14	3419
3445	4	3429
3446	6	3427
3447	10	3423
3448	6	3427
3449	9	3424
3450	4	3429
3451	13	3418
3452	10	3423
3453	7	3425
3454	9	3423
3455	7	3426
3456	2	3431
3457	6	3427
3458	7	3425
3459	4	3429
3460	11	3422
3461	7	3426
3462	11	3422
3463	2	3431
3464	5	3428
3465	9	3424
3466	7	3426
3467	3	3430
3468	10	3413
3469	7	3426
3470	9	3418
3471	7	3425
3472	9	3424
3473	9	3424
3474	7	3426
3475	10	3423
3476	6	3427
3477	9	3424
3478	12	3421
3479	13	3419
3480	6	3427
3481	8	3425
3482	5	3428
3483	8	3425
3484	9	3424
3485	9	3424
3486	6	3427
3487	12	3421
3488	4	3429
3489	6	3427
3490	12	3419
3491	9	3424
3492	11	3421
3493	12	3421
3494	11	3422
3495	10	3423
3496	10	3423
3497	11	3421
3498	6	3426
3499	9	3424
3500	6	3427
3501	14	3419
3502	9	3424
3503	11	3420
3504	8	3425
3505	10	3423
3506	6	3427
3507	8	3425
3508	11	3421
3509	8	3424
3510	6	3427
3511	12	3421
3512	12	3421
3513	12	3421
3514	7	3426
3515	7	3426
3516	11	3422
3517	10	3423
3518	9	3424
3519	9	3424
3520	13	3420
3521	8	3425
3522	8	3425
3523	12	3421
3524	7	3426
3525	4	3429
3526	9	3424
3527	11	3422
3528	4	3429
3529	8	3425
3530	6	3427
3531	6	3427
3532	9	3424
3533	7	3426
3534	7	3426
3535	6	3427
3536	10	3423
3537	10	3423
3538	5	3428
3539	12	3421
3540	9	3424
3541	10	3423
3542	5	3428
3543	6	3427
3544	10	3423
3545	8	3424
3546	9	3424
3547	12	3421
3548	6	3427
3549	10	3423
3550	12	3421
3551	11	3422
3552	8	3425
3553	11	3422
3554	8	3425
3555	12	3421
3556	7	3426
3557	6	3427
3558	8	3425
3559	9	3423
3560	8	3425
3561	8	3425
3562	9	3424
3563	4	3429
3564	9	3424
3565	9	3424
3566	5	3428
3567	11	3422
3568	4	3429
3569	6	3427
3570	10	3423
3571	11	3422
3572	12	3421
3573	4	3429
3574	6	3427
3575	5	3428
3576	8	3423
3577	4	3429
3578	6	3427
3579	11	3421
3580	7	3426
3581	10	3423
3582	7	3426
3583	9	3424
3584	8	3425
3585	9	3424
3586	10	3423
3587	3	3430
3588	6	3427
3589	11	3422
3590	10	3423
3591	9	3424
3592	6	3427
3593	11	3422
3594	10	3422
3595	12	3421
3596	8	3425
3597	13	3420
3598	11	3422
3599	10	3423
3600	12	3421
3601	10	3422
3602	11	3422
3603	8	3425
3604	8	3425
3605	5	3428
3606	3	3430
3607	10	3423
3608	7	3426
3609	5	3428
3610	10	3423
3611	8	3425
3612	10	3423
3613	10	3423
3614	7	3425
3615	10	3423
3616	13	3413
3617	9	3423
3618	8	3425
3619	12	3421
3620	12	3421
3621	11	3422
3622	12	3421
3623	8	3424
3624	9	3424
3625	7	3426
3626	4	3429
3627	11	3422
3628	11	3422
3629	14	3419
3630	8	3424
3631	8	3425
3632	9	3424
3633	16	3417
3634	9	3423
3635	6	3427
3636	12	3420
3637	10	3423
3638	8	3425
3639	4	3429
3640	4	3428
3641	10	3423
3642	12	3421
3643	4	3429
3644	9	3424
3645	8	3424
3646	10	3423
3647	11	3422
3648	9	3423
3649	9	3424
3650	14	3419
3651	9	3424
3652	8	3425
3653	12	3421
3654	10	3423
3655	12	3421
3656	13	3419
3657	11	3422
3658	6	3426
3659	7	3426
3660	10	3422
3661	9	3424
3662	11	3422
3663	13	3420
3664	11	3422
3665	10	3423
3666	10	3423
3667	7	3425
3668	13	3420
3669	13	3420
3670	12	3421
3671	6	3425
3672	10	3423
3673	9	3424
3674	7	3426
3675	8	3425
3676	11	3422
3677	9	3422
3678	9	3418
3679	8	3425
3680	11	3422
3681	15	3412
3682	15	3418
3683	10	3423
3684	12	3421
3685	6	3427
3686	8	3425
3687	10	3422
3688	8	3425
3689	8	3425
3690	9	3424
3691	14	3419
3692	11	3422
3693	6	3421
3694	7	3426
3695	8	3425
3696	10	3423
3697	7	3426
3698	9	3424
3699	14	3418
3700	12	3421
3701	13	3420
3702	9	3424
3703	6	3427
3704	10	3423
3705	12	3421
3706	8	3419
3707	9	3424
3708	5	3428
3709	10	3423
3710	8	3425
3711	7	3426
3712	10	3422
3713	9	3424
3714	10	3423
3715	9	3424
3716	11	3421
3717	7	3426
3718	8	3425
3719	7	3424
3720	15	3418
3721	14	3419
3722	8	3425
3723	8	3424
3724	12	3420
3725	9	3424
3726	9	3424
3727	10	3423
3728	11	3422
3729	10	3423
3730	6	3427
3731	15	3418
3732	12	3421
3733	10	3423
3734	4	3429
3735	13	3419
3736	8	3425
3737	8	3419
3738	11	3422
3739	6	3427
3740	7	3426
3741	7	3426
3742	7	3426
3743	9	3424
3744	13	3420
3745	4	3429
3746	9	3424
3747	10	3423
3748	9	3424
3749	12	3421
3750	9	3424
3751	13	3418
3752	14	3419
3753	14	3419
3754	9	3424
3755	12	3421
3756	17	3416
3757	12	3421
3758	9	3424
3759	7	3426
3760	11	3422
3761	11	3422
3762	9	3424
3763	12	3420
3764	10	3423
3765	9	3424
3766	15	3418
3767	11	3422
3768	7	3426
3769	11	3416
3770	9	3424
3771	9	3424
3772	10	3423
3773	4	3429
3774	10	3423
3775	16	3417
3776	13	3414
3777	9	3424
3778	11	3422
3779	14	3419
3780	10	3423
3781	11	3422
3782	9	3424
3783	10	3423
3784	10	3423
3785	14	3419
3786	15	3418
3787	9	3424
3788	8	3425
3789	3	3430
3790	11	3421
3791	10	3422
3792	13	3420
3793	9	3424
3794	9	3424
3795	10	3423
3796	7	3426
3797	8	3425
3798	13	3420
3799	10	3422
3800	10	3423
3801	12	3420
3802	7	3425
3803	8	3424
3804	7	3426
3805	7	3426
3806	8	3425
3807	9	3424
3808	16	3417
3809	6	3427
3810	7	3426
3811	4	3429
3812	7	3426
3813	10	3421
3814	9	3424
3815	6	3427
3816	5	3428
3817	8	3425
3818	14	3419
3819	8	3425
3820	8	3425
3821	10	3423
3822	8	3425
3823	11	3422
3824	10	3423
3825	12	3421
3826	11	3421
3827	8	3425
3828	14	3418
3829	8	3425
3830	11	3422
3831	12	3421
3832	10	3423
3833	7	3426
3834	8	3425
3835	6	3427
3836	14	3418
3837	7	3426
3838	12	3421
3839	10	3422
3840	7	3426
3841	14	3419
3842	4	3429
3843	9	3424
3844	11	3422
3845	12	3421
3846	11	3422
3847	11	3422
3848	11	3422
3849	10	3423
3850	10	3423
3851	11	3422
3852	10	3416
3853	14	3411
3854	8	3425
3855	13	3420
3856	8	3425
3857	9	3423
3858	6	3427
3859	11	3422
3860	8	3425
3861	11	3422
3862	5	3428
3863	6	3427
3864	9	3424
3865	10	3423
3866	12	3420
3867	5	3428
3868	10	3423
3869	11	3422
3870	12	3421
3871	8	3424
3872	9	3422
3873	7	3426
3874	6	3427
3875	10	3422
3876	6	3427
3877	8	3425
3878	6	3426
3879	8	3424
3880	9	3423
3881	9	3424
3882	5	3428
3883	15	3416
3884	8	3425
3885	10	3423
3886	6	3427
3887	8	3425
3888	11	3422
3889	6	3427
3890	7	3420
3891	6	3427
3892	9	3424
3893	7	3426
3894	8	3425
3895	6	3427
3896	9	3424
3897	11	3421
3898	8	3425
3899	12	3421
3900	7	3425
3901	5	3428
3902	12	3421
3903	11	3422
3904	11	3421
3905	4	3429
3906	11	3422
3907	11	3421
3908	7	3426
3909	9	3424
3910	8	3425
3911	11	3422
3912	11	3422
3913	7	3426
3914	9	3424
3915	10	3423
3916	10	3423
3917	10	3423
3918	9	3424
3919	8	3425
3920	9	3423
3921	17	3416
3922	11	3422
3923	13	3420
3924	14	3418
3925	9	3424
3926	10	3423
3927	9	3424
3928	8	3425
3929	9	3423
3930	12	3421
3931	9	3424
3932	10	3422
3933	9	3424
3934	9	3418
3935	9	3424
3936	14	3419
3937	12	3421
3938	6	3427
3939	10	3423
3940	9	3424
3941	7	3426
3942	7	3426
3943	10	3423
3944	12	3421
3945	8	3423
3946	6	3427
3947	6	3427
3948	10	3423
3949	10	3423
3950	8	3425
3951	7	3426
3952	12	3421
3953	7	3426
3954	11	3422
3955	8	3425
3956	10	3423
3957	10	3423
3958	13	3420
3959	11	3422
3960	7	3426
3961	13	3419
3962	9	3423
3963	7	3426
3964	12	3421
3965	10	3423
3966	7	3426
3967	11	3422
3968	11	3422
3969	13	3420
3970	4	3429
3971	8	3425
3972	9	3424
3973	11	3422
3974	9	3424
3975	9	3424
3976	14	3419
3977	11	3422
3978	9	3424
3979	10	3423
3980	8	3425
3981	10	3423
3982	7	3426
3983	13	3419
3984	10	3423
3985	6	3425
3986	6	3427
3987	7	3426
3988	15	3418
3989	6	3427
3990	8	3425
3991	10	3423
3992	15	3417
3993	10	3423
3994	11	3421
3995	12	3421
3996	10	3423
3997	6	3427
3998	8	3425
3999	7	3426
4000	9	3424
4001	13	3420
4002	9	3423
4003	7	3426
4004	7	3426
4005	9	3424
4006	7	3425
4007	12	3421
4008	11	3422
4009	11	3422
4010	9	3424
4011	7	3426
4012	8	3425
4013	8	3425
4014	10	3423
4015	10	3423
4016	9	3422
4017	11	3421
4018	9	3424
4019	11	3422
4020	9	3424
4021	7	3426
4022	15	3418
4023	7	3426
4024	10	3423
4025	8	3425
4026	7	3425
4027	6	3427
4028	8	3425
4029	10	3423
4030	11	3422
4031	9	3424
4032	6	3427
4033	7	3426
4034	11	3421
4035	8	3425
4036	11	3422
4037	7	3426
4038	11	3421
4039	8	3425
4040	9	3424
4041	8	3425
4042	9	3424
4043	11	3422
4044	10	3423
4045	4	3429
4046	10	3423
4047	5	3428
4048	8	3425
4049	6	3427
4050	6	3427
4051	9	3424
4052	4	3429
4053	6	3427
4054	9	3424
4055	10	3423
4056	7	3426
4057	10	3422
4058	12	3421
4059	6	3427
4060	13	3420
4061	11	3422
4062	10	3422
4063	9	3424
4064	9	3424
4065	7	3426
4066	7	3426
4067	8	3425
4068	7	3421
4069	9	3424
4070	6	3427
4071	7	3426
4072	9	3424
4073	5	3428
4074	6	3427
4075	6	3427
4076	7	3426
4077	8	3425
4078	8	3425
4079	9	3424
4080	9	3424
4081	6	3427
4082	9	3424
4083	8	3425
4084	9	3424
4085	7	3426
4086	9	3424
4087	7	3426
4088	12	3421
4089	7	3426
4090	7	3426
4091	8	3425
4092	6	3427
4093	12	3421
4094	10	3423
4095	8	3425
4096	7	3426
4097	7	3426
4098	7	3426
4099	5	3428
4100	10	3423
4101	12	3421
4102	10	3417
4103	6	3427
4104	7	3426
4105	8	3425
4106	11	3422
4107	9	3424
4108	10	3423
4109	7	3425
4110	4	3429
4111	11	3422
4112	10	3423
4113	8	3425
4114	8	3425
4115	8	3425
4116	5	3428
4117	12	3420
4118	15	3418
4119	15	3418
4120	9	3424
4121	9	3424
4122	8	3424
4123	6	3427
4124	12	3421
4125	5	3428
4126	11	3422
4127	7	3426
4128	9	3423
4129	11	3422
4130	9	3424
4131	10	3417
4132	11	3421
4133	7	3426
4134	13	3420
4135	15	3418
4136	8	3425
4137	7	3425
4138	8	3425
4139	9	3424
4140	10	3423
4141	12	3421
4142	6	3427
4143	11	3422
4144	11	3422
4145	8	3424
4146	10	3423
4147	13	3420
4148	9	3424
4149	5	3428
4150	7	3426
4151	12	3421
4152	5	3428
4153	12	3420
4154	6	3427
4155	7	3425
4156	5	3428
4157	10	3423
4158	7	3426
4159	14	3419
4160	8	3424
4161	8	3425
4162	8	3425
4163	13	3420
4164	7	3426
4165	7	3426
4166	7	3426
4167	10	3423
4168	11	3422
4169	11	3422
4170	9	3424
4171	8	3425
4172	9	3424
4173	10	3423
4174	11	3422
4175	12	3421
4176	5	3428
4177	9	3424
4178	9	3424
4179	6	3427
4180	10	3422
4181	11	3421
4182	9	3424
4183	8	3425
4184	12	3421
4185	7	3426
4186	9	3424
4187	6	3427
4188	9	3424
4189	12	3421
4190	9	3424
4191	8	3425
4192	7	3426
4193	9	3424
4194	6	3427
4195	7	3426
4196	14	3419
4197	12	3420
4198	9	3424
4199	9	3424
4200	10	3423
4201	7	3426
4202	11	3415
4203	8	3425
4204	11	3422
4205	6	3427
4206	9	3424
4207	11	3422
4208	8	3425
4209	11	3422
4210	8	3425
4211	10	3418
4212	7	3426
4213	5	3428
4214	10	3423
4215	5	3428
4216	7	3426
4217	4	3429
4218	9	3424
4219	8	3423
4220	9	3424
4221	10	3423
4222	10	3422
4223	11	3422
4224	9	3424
4225	12	3421
4226	6	3427
4227	11	3422
4228	11	3422
4229	13	3420
4230	9	3424
4231	10	3422
4232	6	3427
4233	6	3427
4234	12	3420
4235	11	3422
4236	3	3430
4237	5	3428
4238	8	3425
4239	7	3426
4240	9	3424
4241	9	3424
4242	7	3426
4243	4	3429
4244	6	3427
4245	10	3423
4246	7	3426
4247	8	3425
4248	6	3427
4249	10	3423
4250	12	3421
4251	13	3419
4252	8	3425
4253	10	3423
4254	3	3429
4255	14	3419
4256	6	3427
4257	8	3424
4258	8	3425
4259	7	3426
4260	6	3427
4261	9	3424
4262	7	3426
4263	10	3423
4264	11	3422
4265	10	3423
4266	9	3424
4267	7	3426
4268	7	3426
4269	10	3422
4270	7	3425
4271	7	3425
4272	8	3425
4273	11	3422
4274	6	3427
4275	10	3422
4276	9	3424
4277	9	3424
4278	11	3422
4279	14	3417
4280	7	3426
4281	6	3427
4282	7	3425
4283	9	3423
4284	4	3429
4285	9	3424
4286	7	3424
4287	9	3423
4288	9	3424
4289	13	3420
4290	7	3426
4291	11	3422
4292	11	3420
4293	10	3423
4294	8	3425
4295	6	3420
4296	13	3420
4297	8	3424
4298	9	3424
4299	8	3425
4300	7	3426
4301	13	3420
4302	5	3428
4303	12	3421
4304	8	3425
4305	9	3424
4306	11	3422
4307	7	3426
4308	11	3422
4309	6	3427
4310	10	3421
4311	5	3428
4312	9	3424
4313	10	3423
4314	10	3422
4315	6	3427
4316	11	3422
4317	15	3417
4318	7	3425
4319	10	3423
4320	5	3428
4321	6	3427
4322	9	3424
4323	10	3423
4324	9	3424
4325	8	3425
4326	6	3427
4327	9	3424
4328	11	3421
4329	10	3422
4330	9	3424
4331	12	3421
4332	9	3424
4333	13	3420
4334	10	3423
4335	7	3426
4336	8	3425
4337	6	3426
4338	9	3419
4339	7	3426
4340	10	3417
4341	6	3427
4342	10	3423
4343	8	3425
4344	7	3425
4345	5	3428
4346	11	3422
4347	7	3425
4348	7	3425
4349	12	3421
4350	7	3426
4351	9	3424
4352	11	3422
4353	8	3425
4354	9	3424
4355	10	3423
4356	12	3421
4357	9	3424
4358	6	3427
4359	8	3424
4360	9	3424
4361	8	3424
4362	7	3426
4363	7	3426
4364	4	3429
4365	4	3429
4366	11	3422
4367	13	3419
4368	5	3428
4369	8	3425
4370	12	3420
4371	9	3424
4372	9	3424
4373	7	3426
4374	9	3424
4375	7	3426
4376	12	3421
4377	14	3419
4378	13	3420
4379	10	3423
4380	8	3423
4381	15	3416
4382	11	3422
4383	8	3425
4384	7	3426
4385	7	3426
4386	13	3420
4387	8	3422
4388	7	3426
4389	11	3422
4390	12	3421
4391	9	3424
4392	8	3425
4393	9	3424
4394	7	3426
4395	7	3426
4396	14	3418
4397	7	3426
4398	8	3425
4399	9	3424
4400	8	3425
4401	13	3419
4402	5	3428
4403	8	3425
4404	9	3424
4405	12	3419
4406	8	3424
4407	5	3428
4408	9	3424
4409	8	3425
4410	12	3421
4411	5	3428
4412	4	3429
4413	9	3424
4414	4	3429
4415	7	3426
4416	8	3425
4417	9	3424
4418	14	3419
4419	8	3425
4420	7	3426
4421	10	3421
4422	6	3422
4423	10	3423
4424	7	3426
4425	7	3426
4426	7	3426
4427	6	3427
4428	13	3420
4429	8	3425
4430	8	3425
4431	12	3421
4432	7	3426
4433	8	3425
4434	12	3419
4435	6	3427
4436	11	3422
4437	6	3427
4438	9	3424
4439	8	3425
4440	9	3424
4441	6	3427
4442	6	3427
4443	5	3428
4444	6	3427
4445	10	3423
4446	8	3425
4447	12	3421
4448	9	3424
4449	10	3423
4450	11	3420
4451	5	3428
4452	11	3422
4453	13	3420
4454	7	3426
4455	12	3421
4456	7	3426
4457	7	3426
4458	5	3428
4459	9	3424
4460	7	3426
4461	8	3425
4462	9	3423
4463	9	3424
4464	10	3423
4465	11	3422
4466	8	3425
4467	6	3427
4468	8	3425
4469	8	3425
4470	14	3419
4471	5	3428
4472	8	3425
4473	14	3414
4474	9	3418
4475	8	3424
4476	11	3422
4477	11	3416
4478	8	3425
4479	10	3423
4480	5	3428
4481	7	3426
4482	9	3424
4483	8	3425
4484	10	3423
4485	6	3427
4486	8	3425
4487	7	3426
4488	13	3414
4489	6	3427
4490	9	3424
4491	10	3423
4492	12	3421
4493	10	3423
4494	10	3423
4495	15	3417
4496	11	3422
4497	8	3425
4498	11	3422
4499	13	3420
4500	8	3425
4501	10	3423
4502	12	3421
4503	12	3421
4504	8	3424
4505	8	3425
4506	7	3426
4507	11	3422
4508	9	3424
4509	4	3429
4510	7	3425
4511	8	3425
4512	10	3423
4513	5	3428
4514	9	3424
4515	5	3428
4516	10	3423
4517	10	3423
4518	11	3421
4519	11	3422
4520	10	3423
4521	9	3424
4522	10	3423
4523	11	3422
4524	5	3428
4525	10	3423
4526	12	3420
4527	7	3426
4528	10	3423
4529	14	3419
4530	15	3417
4531	8	3425
4532	12	3421
4533	8	3425
4534	10	3423
4535	7	3426
4536	9	3424
4537	9	3423
4538	4	3429
4539	8	3425
4540	7	3425
4541	10	3423
4542	10	3423
4543	7	3426
4544	8	3425
4545	6	3426
4546	10	3423
4547	10	3422
4548	8	3425
4549	8	3425
4550	12	3421
4551	10	3423
4552	6	3427
4553	10	3423
4554	6	3427
4555	9	3424
4556	5	3428
4557	9	3424
4558	8	3425
4559	7	3426
4560	6	3427
4561	5	3428
4562	6	3427
4563	8	3425
4564	4	3429
4565	10	3423
4566	9	3424
4567	9	3424
4568	8	3425
4569	11	3422
4570	8	3425
4571	9	3423
4572	9	3424
4573	8	3425
4574	8	3425
4575	12	3419
4576	6	3427
4577	13	3420
4578	5	3428
4579	13	3420
4580	7	3425
4581	11	3422
4582	14	3419
4583	7	3426
4584	12	3421
4585	6	3427
4586	9	3424
4587	5	3427
4588	8	3425
4589	13	3420
4590	6	3427
4591	14	3419
4592	10	3422
4593	9	3424
4594	10	3423
4595	8	3425
4596	7	3426
4597	4	3429
4598	7	3426
4599	4	3429
4600	6	3427
4601	7	3425
4602	8	3425
4603	12	3421
4604	2	3431
4605	7	3426
4606	8	3425
4607	7	3426
4608	7	3426
4609	8	3425
4610	10	3422
4611	4	3429
4612	7	3426
4613	3	3429
4614	11	3422
4615	9	3424
4616	7	3426
4617	8	3425
4618	8	3425
4619	6	3426
4620	5	3428
4621	13	3420
4622	6	3427
4623	11	3422
4624	6	3427
4625	5	3428
4626	8	3425
4627	5	3428
4628	7	3426
4629	7	3426
4630	6	3427
4631	4	3429
4632	9	3424
4633	12	3421
4634	12	3421
4635	8	3425
4636	11	3422
4637	11	3421
4638	12	3421
4639	10	3423
4640	6	3427
4641	7	3425
4642	8	3425
4643	5	3428
4644	12	3421
4645	8	3425
4646	10	3422
4647	11	3422
4648	11	3422
4649	9	3423
4650	5	3428
4651	6	3425
4652	12	3421
4653	8	3425
4654	8	3425
4655	11	3422
4656	11	3422
4657	15	3418
4658	8	3425
4659	9	3424
4660	12	3421
4661	7	3426
4662	7	3426
4663	8	3425
4664	11	3422
4665	4	3429
4666	9	3424
4667	14	3418
4668	10	3423
4669	15	3417
4670	12	3421
4671	5	3428
4672	10	3423
4673	10	3422
4674	7	3426
4675	9	3424
4676	10	3423
4677	6	3427
4678	11	3422
4679	6	3427
4680	7	3426
4681	6	3422
4682	8	3425
4683	12	3421
4684	8	3425
4685	12	3421
4686	6	3427
4687	7	3426
4688	11	3421
4689	7	3426
4690	5	3428
4691	13	3420
4692	8	3425
4693	7	3426
4694	11	3422
4695	9	3424
4696	5	3428
4697	8	3425
4698	11	3422
4699	8	3425
4700	3	3430
4701	9	3424
4702	8	3425
4703	7	3426
4704	10	3423
4705	9	3424
4706	5	3428
4707	6	3427
4708	8	3424
4709	11	3422
4710	13	3420
4711	6	3427
4712	8	3425
4713	11	3416
4714	10	3423
4715	6	3427
4716	7	3426
4717	11	3422
4718	9	3423
4719	10	3423
4720	9	3424
4721	10	3423
4722	8	3425
4723	7	3426
4724	7	3426
4725	9	3424
4726	6	3427
4727	7	3426
4728	17	3416
4729	8	3425
4730	7	3426
4731	6	3427
4732	6	3427
4733	7	3426
4734	10	3423
4735	6	3427
4736	8	3425
4737	10	3423
4738	6	3427
4739	8	3425
4740	8	3424
4741	10	3423
4742	14	3419
4743	6	3427
4744	12	3421
4745	9	3424
4746	8	3420
4747	4	3428
