       # Time (ps)   MSD_mean (Angstrom^2)    MSD_std (Angstrom^2)
          2.000000              0.87527659              0.01508095
          4.000000              1.01725271              0.01871260
          6.000000              1.13875850              0.02332657
          8.000000              1.26331327              0.02578842
         10.000000              1.37560932              0.02811847
         12.000000              1.47165239              0.03162171
         14.000000              1.56569641              0.03560222
         16.000000              1.65748884              0.03733099
         18.000000              1.74031452              0.03901134
         20.000000              1.81986190              0.04288029
         22.000000              1.89693311              0.04507146
         24.000000              1.97038582              0.04921319
         26.000000              2.04121554              0.05081211
         28.000000              2.10874788              0.05153484
         30.000000              2.17518766              0.05468103
         32.000000              2.23979129              0.05688737
         34.000000              2.30144901              0.05904662
         36.000000              2.36132331              0.06005111
         38.000000              2.41886598              0.06139318
         40.000000              2.47599622              0.06485215
         42.000000              2.53038726              0.06466373
         44.000000              2.58164773              0.06483458
         46.000000              2.63300813              0.06639717
         48.000000              2.68393449              0.06721954
         50.000000              2.73248633              0.06829570
         52.000000              2.77970755              0.06857459
         54.000000              2.82566901              0.07038364
         56.000000              2.86957715              0.07111617
         58.000000              2.91375222              0.07120135
         60.000000              2.95653744              0.07295528
         62.000000              2.99824964              0.07430829
         64.000000              3.03976000              0.07506868
         66.000000              3.07958223              0.07605662
         68.000000              3.11870798              0.07604530
         70.000000              3.15683860              0.07737532
         72.000000              3.19440176              0.07686075
         74.000000              3.23082342              0.07838883
         76.000000              3.26565205              0.07864406
         78.000000              3.30191294              0.08223596
         80.000000              3.33602987              0.08275702
         82.000000              3.36950787              0.08244784
         84.000000              3.40267001              0.08299961
         86.000000              3.43502111              0.08671887
         88.000000              3.46798588              0.08659215
         90.000000              3.50067968              0.08700023
         92.000000              3.53271042              0.08704351
         94.000000              3.56348856              0.08786736
         96.000000              3.59390175              0.08711388
         98.000000              3.62306378              0.08866556
        100.000000              3.65193086              0.08990526
        102.000000              3.67967280              0.09038649
        104.000000              3.70862757              0.09013708
        106.000000              3.73722954              0.09061780
        108.000000              3.76312510              0.09180265
        110.000000              3.79138759              0.09278944
        112.000000              3.81823669              0.09381053
        114.000000              3.84391412              0.09385441
        116.000000              3.86933605              0.09470907
        118.000000              3.89451909              0.09490864
        120.000000              3.91869562              0.09577214
        122.000000              3.94375861              0.09744200
        124.000000              3.96731873              0.09832804
        126.000000              3.99094876              0.09883427
        128.000000              4.01537430              0.10027745
        130.000000              4.03755431              0.09948799
        132.000000              4.06017163              0.10019821
        134.000000              4.08227134              0.10073422
        136.000000              4.10515141              0.10002546
        138.000000              4.12709186              0.10076829
        140.000000              4.14997794              0.10121328
        142.000000              4.17115289              0.10091904
        144.000000              4.19297970              0.10093616
        146.000000              4.21563510              0.10173493
        148.000000              4.23649263              0.10141368
        150.000000              4.25749019              0.10251082
        152.000000              4.27735785              0.10179003
        154.000000              4.29838340              0.10433908
        156.000000              4.31922961              0.10344147
        158.000000              4.33998861              0.10386211
        160.000000              4.35925878              0.10452683
        162.000000              4.37859346              0.10436577
        164.000000              4.39829768              0.10489100
        166.000000              4.41754566              0.10617302
        168.000000              4.43596330              0.10498957
        170.000000              4.45382014              0.10733976
        172.000000              4.47279410              0.10716702
        174.000000              4.48891162              0.10774357
        176.000000              4.50853961              0.10926667
        178.000000              4.52706602              0.11014122
        180.000000              4.54385752              0.11219250
        182.000000              4.56220374              0.11259732
        184.000000              4.58025289              0.11396144
        186.000000              4.59843392              0.11612155
        188.000000              4.61415218              0.11673798
        190.000000              4.63079498              0.11913607
        192.000000              4.64841865              0.11912282
        194.000000              4.66439530              0.11983557
        196.000000              4.68083148              0.12112781
        198.000000              4.69668166              0.12314125
        200.000000              4.71373480              0.12250926
        202.000000              4.72965214              0.12408665
        204.000000              4.74507215              0.12606083
        206.000000              4.76062416              0.12530320
        208.000000              4.77537286              0.12707943
        210.000000              4.79079272              0.12590120
        212.000000              4.80505987              0.12668264
        214.000000              4.82112923              0.12765905
        216.000000              4.83573753              0.12940412
        218.000000              4.85011664              0.13061902
        220.000000              4.86508641              0.13160005
        222.000000              4.88001006              0.13217816
        224.000000              4.89205975              0.13615492
        226.000000              4.90691175              0.13656525
        228.000000              4.92077003              0.13819041
        230.000000              4.93390523              0.14066409
        232.000000              4.94808367              0.14215316
        234.000000              4.96131319              0.14357158
        236.000000              4.97444434              0.14611726
        238.000000              4.98883160              0.14685294
        240.000000              5.00287086              0.14629386
        242.000000              5.01497493              0.14939040
        244.000000              5.02943867              0.14937275
        246.000000              5.04398882              0.15157236
        248.000000              5.05726616              0.15343526
        250.000000              5.07196394              0.15518124
        252.000000              5.08512423              0.15848927
        254.000000              5.09833578              0.15868160
        256.000000              5.11088860              0.16117157
        258.000000              5.12436202              0.16275830
        260.000000              5.13810668              0.16348631
        262.000000              5.15013229              0.16662880
        264.000000              5.16466714              0.16868795
        266.000000              5.17787014              0.17053713
        268.000000              5.18986320              0.17110791
        270.000000              5.20358255              0.17349089
        272.000000              5.21520996              0.17472824
        274.000000              5.22842058              0.17707544
        276.000000              5.24212056              0.17942538
        278.000000              5.25384527              0.17901767
        280.000000              5.26534417              0.18049056
        282.000000              5.27902139              0.18174561
        284.000000              5.29278927              0.18321631
        286.000000              5.30340448              0.18361366
        288.000000              5.31715124              0.18555572
        290.000000              5.33071544              0.18730905
        292.000000              5.34300004              0.18685000
        294.000000              5.35515656              0.18831484
        296.000000              5.36776870              0.18985075
        298.000000              5.37688316              0.19017945
        300.000000              5.39004584              0.19060793
        302.000000              5.40031977              0.19082547
        304.000000              5.41177615              0.19133707
        306.000000              5.42389296              0.19210479
        308.000000              5.43537436              0.19191260
        310.000000              5.44820566              0.19270908
        312.000000              5.45818600              0.19301263
        314.000000              5.47017275              0.19234554
        316.000000              5.48159019              0.19217146
        318.000000              5.49219966              0.19163634
        320.000000              5.50323034              0.19201072
        322.000000              5.51461704              0.19267143
        324.000000              5.52636487              0.19323711
        326.000000              5.53719668              0.19301979
        328.000000              5.54741316              0.19398134
        330.000000              5.55823978              0.19366363
        332.000000              5.56912102              0.19489815
        334.000000              5.57893607              0.19318284
        336.000000              5.59075666              0.19199503
        338.000000              5.60061126              0.19210144
        340.000000              5.61093210              0.19185988
        342.000000              5.62253049              0.19299722
        344.000000              5.63435115              0.19170821
        346.000000              5.64371531              0.19223185
        348.000000              5.65475733              0.19264961
        350.000000              5.66485658              0.19141012
        352.000000              5.67673700              0.19072429
        354.000000              5.68746332              0.19076956
        356.000000              5.69813234              0.18932752
        358.000000              5.70877404              0.18961627
        360.000000              5.71838049              0.18987540
        362.000000              5.72840291              0.18792092
        364.000000              5.73862740              0.18772395
        366.000000              5.74901696              0.18843718
        368.000000              5.75724918              0.18783162
        370.000000              5.76925356              0.18877375
        372.000000              5.77755750              0.18825346
        374.000000              5.78613810              0.18779588
        376.000000              5.79397016              0.18865632
        378.000000              5.80345112              0.18902105
        380.000000              5.81242387              0.18863269
        382.000000              5.82334716              0.18930144
        384.000000              5.83325423              0.18762168
        386.000000              5.84384186              0.18745590
        388.000000              5.85320728              0.18523715
        390.000000              5.86396168              0.18580260
        392.000000              5.87518507              0.18545537
        394.000000              5.88373434              0.18600540
        396.000000              5.89374337              0.18416107
        398.000000              5.90438206              0.18341182
        400.000000              5.91279427              0.18488641
        402.000000              5.92193813              0.18449655
        404.000000              5.93235309              0.18216610
        406.000000              5.93960541              0.18158816
        408.000000              5.94848572              0.18031222
        410.000000              5.95621626              0.17890476
        412.000000              5.96481667              0.17834391
        414.000000              5.97296927              0.17629712
        416.000000              5.98401050              0.17714437
        418.000000              5.99136933              0.17422077
        420.000000              5.99989116              0.17396011
        422.000000              6.00941247              0.17297901
        424.000000              6.01750185              0.17281458
        426.000000              6.02660730              0.17203669
        428.000000              6.03482652              0.17097849
        430.000000              6.04433617              0.17018743
        432.000000              6.05314794              0.16838415
        434.000000              6.06023512              0.16866683
        436.000000              6.06868156              0.16922694
        438.000000              6.07782032              0.16807335
        440.000000              6.08683233              0.16749782
        442.000000              6.09330263              0.16816473
        444.000000              6.10329938              0.16760353
        446.000000              6.11285443              0.16632978
        448.000000              6.11924154              0.16702319
        450.000000              6.12828183              0.16676915
        452.000000              6.13716322              0.16728099
        454.000000              6.14471877              0.16680531
        456.000000              6.15252733              0.16720606
        458.000000              6.15956206              0.16777311
        460.000000              6.16853395              0.16608201
        462.000000              6.17688876              0.16520670
        464.000000              6.18371133              0.16685073
        466.000000              6.19253451              0.16679725
        468.000000              6.20032407              0.16616300
        470.000000              6.20843811              0.16671169
        472.000000              6.21759996              0.16558329
        474.000000              6.22472123              0.16753953
        476.000000              6.23299459              0.16776349
        478.000000              6.24072090              0.16824393
        480.000000              6.24928424              0.16792771
        482.000000              6.25718603              0.16864610
        484.000000              6.26596220              0.16893408
        486.000000              6.27429069              0.16928666
        488.000000              6.27998053              0.16899490
        490.000000              6.28811124              0.17082928
        492.000000              6.29472161              0.17079035
        494.000000              6.30200287              0.17072334
        496.000000              6.30874558              0.17191799
        498.000000              6.31567067              0.17223910
        500.000000              6.32148076              0.17241375
        502.000000              6.33050586              0.17364133
        504.000000              6.33901074              0.17402261
        506.000000              6.34454221              0.17460159
        508.000000              6.35063890              0.17313295
        510.000000              6.35983800              0.17188550
        512.000000              6.36595572              0.17268963
        514.000000              6.37174199              0.17197680
        516.000000              6.37831482              0.17101376
        518.000000              6.38612603              0.17044016
        520.000000              6.39247125              0.17211450
        522.000000              6.39801883              0.17036532
        524.000000              6.40663005              0.17224146
        526.000000              6.41342700              0.17215502
        528.000000              6.41829240              0.17186762
        530.000000              6.42641231              0.17311588
        532.000000              6.43375996              0.17311844
        534.000000              6.43776736              0.17248827
        536.000000              6.44544954              0.17492265
        538.000000              6.45219618              0.17458325
        540.000000              6.45786701              0.17588278
        542.000000              6.46424705              0.17763074
        544.000000              6.47156138              0.17893837
        546.000000              6.47789327              0.17795240
        548.000000              6.48520189              0.17954553
        550.000000              6.49182575              0.18236933
        552.000000              6.50071585              0.18341956
        554.000000              6.50754657              0.18367646
        556.000000              6.51356041              0.18393984
        558.000000              6.52182289              0.18438908
        560.000000              6.52853236              0.18506038
        562.000000              6.53399963              0.18636997
        564.000000              6.54093929              0.18899421
        566.000000              6.54735691              0.18758103
        568.000000              6.55457021              0.18904573
        570.000000              6.55904957              0.19000615
        572.000000              6.56578265              0.18994516
        574.000000              6.57398505              0.18796896
        576.000000              6.57955601              0.18641893
        578.000000              6.58674014              0.18668547
        580.000000              6.59499514              0.18689059
        582.000000              6.59987903              0.18712087
        584.000000              6.60536783              0.18731289
        586.000000              6.61327394              0.18699039
        588.000000              6.61782759              0.18653246
        590.000000              6.62484550              0.18599703
        592.000000              6.63179659              0.18596540
        594.000000              6.63583738              0.18833767
        596.000000              6.64193855              0.18744456
        598.000000              6.64998358              0.18696061
        600.000000              6.65530064              0.19032421
        602.000000              6.66271379              0.18944633
        604.000000              6.66902199              0.18853973
        606.000000              6.67681909              0.18943153
        608.000000              6.68214328              0.19015226
        610.000000              6.68932988              0.19120317
        612.000000              6.69548079              0.19002126
        614.000000              6.70083381              0.19153339
        616.000000              6.70847598              0.19097335
        618.000000              6.71528936              0.19171521
        620.000000              6.72349504              0.19009210
        622.000000              6.72803239              0.19227852
        624.000000              6.73219533              0.19321694
        626.000000              6.73871272              0.19524170
        628.000000              6.74652294              0.19586420
        630.000000              6.75056436              0.19783254
        632.000000              6.75712574              0.19808726
        634.000000              6.76371154              0.19945376
        636.000000              6.76850833              0.20269816
        638.000000              6.77527113              0.20198651
        640.000000              6.78221084              0.20181068
        642.000000              6.78733149              0.20407623
        644.000000              6.79714136              0.20331963
        646.000000              6.80464845              0.20340167
        648.000000              6.81061727              0.20245173
        650.000000              6.81725493              0.20507900
        652.000000              6.82448385              0.20538990
        654.000000              6.83084474              0.20598587
        656.000000              6.83686210              0.20644777
        658.000000              6.84429178              0.20682772
        660.000000              6.85137623              0.20638096
        662.000000              6.85692780              0.20777991
        664.000000              6.86314404              0.20811220
        666.000000              6.86766209              0.20932061
        668.000000              6.87361281              0.21234017
        670.000000              6.87926439              0.21306339
        672.000000              6.88450660              0.21229433
        674.000000              6.89054510              0.21672838
        676.000000              6.89402575              0.21783234
        678.000000              6.89819320              0.21663887
        680.000000              6.90602897              0.21849104
        682.000000              6.90801273              0.21795384
        684.000000              6.91439294              0.21863124
        686.000000              6.92105185              0.21978679
        688.000000              6.92347545              0.22137323
        690.000000              6.93091770              0.22045873
        692.000000              6.93736202              0.22250677
        694.000000              6.93862628              0.22418407
        696.000000              6.94484579              0.22249336
        698.000000              6.95019105              0.22235998
        700.000000              6.95353493              0.22374856
        702.000000              6.95733093              0.22365129
        704.000000              6.96288385              0.22581951
        706.000000              6.96701587              0.22203836
        708.000000              6.97307394              0.22429271
        710.000000              6.97708263              0.22407964
        712.000000              6.97921222              0.22350511
        714.000000              6.98398050              0.22194927
        716.000000              6.99054812              0.22112951
        718.000000              6.99539670              0.22033336
        720.000000              6.99864286              0.21764367
        722.000000              7.00448952              0.21798819
        724.000000              7.00886112              0.21809437
        726.000000              7.01377293              0.21633071
        728.000000              7.01790098              0.21444983
        730.000000              7.02445068              0.21159758
        732.000000              7.02944189              0.21169924
        734.000000              7.03347634              0.21325874
        736.000000              7.03758887              0.21401842
        738.000000              7.04497186              0.20917696
        740.000000              7.04983110              0.21260408
        742.000000              7.05686406              0.21307546
        744.000000              7.06381934              0.21160643
        746.000000              7.06891917              0.21631751
        748.000000              7.07572575              0.21568816
        750.000000              7.08284777              0.21541052
        752.000000              7.08918294              0.21650025
        754.000000              7.09567723              0.22080742
        756.000000              7.10025471              0.21999400
        758.000000              7.10403134              0.21791164
        760.000000              7.11142341              0.21688644
        762.000000              7.11654208              0.21798077
        764.000000              7.12055283              0.21919295
        766.000000              7.12538419              0.21541360
        768.000000              7.12804035              0.21797412
        770.000000              7.13289389              0.21833132
        772.000000              7.14013861              0.22040733
        774.000000              7.14405617              0.21714712
        776.000000              7.14845518              0.21825075
        778.000000              7.15456816              0.21640817
        780.000000              7.15891479              0.21723807
        782.000000              7.16319121              0.21710920
        784.000000              7.16628908              0.21576624
        786.000000              7.17124234              0.21543505
        788.000000              7.17656659              0.20998756
        790.000000              7.18199677              0.20952867
        792.000000              7.18645640              0.20989005
        794.000000              7.18877812              0.21056791
        796.000000              7.19518424              0.20605516
        798.000000              7.19871603              0.20698375
        800.000000              7.20273023              0.20743807
        802.000000              7.20720151              0.20710162
        804.000000              7.21068663              0.20409263
        806.000000              7.21621309              0.20702515
        808.000000              7.22264668              0.20741991
        810.000000              7.22675697              0.21108936
        812.000000              7.23090425              0.20899044
        814.000000              7.23618641              0.21115382
        816.000000              7.23854422              0.21253012
        818.000000              7.24415536              0.21165015
        820.000000              7.24841940              0.20899054
        822.000000              7.24781647              0.20988508
        824.000000              7.25232063              0.20813002
        826.000000              7.25866839              0.20905340
        828.000000              7.26085870              0.21224013
        830.000000              7.26672226              0.21342922
        832.000000              7.27222819              0.21640737
        834.000000              7.27217573              0.21522458
        836.000000              7.27721620              0.21536956
        838.000000              7.28628418              0.21931944
        840.000000              7.28507789              0.21509202
        842.000000              7.29126555              0.21786995
        844.000000              7.29600920              0.22080723
        846.000000              7.30231952              0.22399075
        848.000000              7.30392181              0.22029991
        850.000000              7.31057568              0.22454712
        852.000000              7.31789314              0.22367353
        854.000000              7.31993032              0.22317227
        856.000000              7.32332964              0.22782751
        858.000000              7.32563527              0.23209320
        860.000000              7.33111810              0.23647303
        862.000000              7.33264142              0.23867271
        864.000000              7.33819441              0.24258209
        866.000000              7.34083592              0.24593306
        868.000000              7.34616466              0.24931057
        870.000000              7.34614885              0.25350014
        872.000000              7.35153615              0.25196312
        874.000000              7.35436242              0.25589733
        876.000000              7.35549616              0.25646122
        878.000000              7.35882754              0.25880835
        880.000000              7.36427422              0.25908283
        882.000000              7.36526194              0.25877578
        884.000000              7.36629010              0.25746867
        886.000000              7.37222765              0.26159510
        888.000000              7.37727192              0.26112821
        890.000000              7.37824628              0.25832520
        892.000000              7.38365119              0.25903654
        894.000000              7.38671680              0.26229092
        896.000000              7.38690926              0.26026304
        898.000000              7.39227758              0.25579554
        900.000000              7.39507096              0.25789688
        902.000000              7.40183265              0.26135804
        904.000000              7.40377091              0.25969137
        906.000000              7.41214575              0.26185597
        908.000000              7.41582968              0.26212641
        910.000000              7.41461583              0.26514441
        912.000000              7.41888990              0.26475485
        914.000000              7.41825665              0.26267781
        916.000000              7.42723097              0.26212485
        918.000000              7.43310400              0.26084706
        920.000000              7.43581740              0.25901752
        922.000000              7.44498889              0.25788061
        924.000000              7.45195907              0.25467309
        926.000000              7.45343076              0.25306292
        928.000000              7.45834156              0.25631012
        930.000000              7.46966869              0.25188677
        932.000000              7.47763225              0.25459631
        934.000000              7.49023082              0.25521718
        936.000000              7.50103864              0.25395492
        938.000000              7.51223145              0.25860352
        940.000000              7.51607612              0.25788401
        942.000000              7.52642806              0.25848989
        944.000000              7.53551836              0.25893861
        946.000000              7.54470116              0.26612894
        948.000000              7.55542530              0.26567069
        950.000000              7.56694951              0.26381998
        952.000000              7.58106553              0.26506344
        954.000000              7.59572709              0.26716265
        956.000000              7.60690802              0.26069633
        958.000000              7.61928387              0.26417531
        960.000000              7.63183950              0.26405560
        962.000000              7.64503348              0.25171623
        964.000000              7.64794588              0.25606167
        966.000000              7.64835867              0.25492083
        968.000000              7.64894204              0.24616615
        970.000000              7.66352154              0.25279194
        972.000000              7.66370307              0.25526472
        974.000000              7.67629737              0.26516465
        976.000000              7.68458325              0.27094516
        978.000000              7.69140232              0.27841255
        980.000000              7.70891495              0.28145441
        982.000000              7.70377341              0.27337420
        984.000000              7.70725126              0.26968413
        986.000000              7.73385076              0.27123572
        988.000000              7.74904498              0.27561562
        990.000000              7.74892498              0.28555926
        992.000000              7.75518892              0.28594115
        994.000000              7.77027746              0.29140119
        996.000000              7.77551819              0.24823912
        998.000000              7.67647542              0.26906003
