       # Time (ps)   MSD_mean (Angstrom^2)    MSD_std (Angstrom^2)
          2.000000              1.20696806              0.03488915
          4.000000              1.46125619              0.05478272
          6.000000              1.65166262              0.07270126
          8.000000              1.82969047              0.09081189
         10.000000              1.98405651              0.10511513
         12.000000              2.11819173              0.12213576
         14.000000              2.24516646              0.14018546
         16.000000              2.36879694              0.15456126
         18.000000              2.48488669              0.16759108
         20.000000              2.59699954              0.18055056
         22.000000              2.70496565              0.19471630
         24.000000              2.81090714              0.20945977
         26.000000              2.91348141              0.22266259
         28.000000              3.01209400              0.23296144
         30.000000              3.11026303              0.24453037
         32.000000              3.20676175              0.25611637
         34.000000              3.30196774              0.26642229
         36.000000              3.39360241              0.27509666
         38.000000              3.48461298              0.28461587
         40.000000              3.57603472              0.29761001
         42.000000              3.66646340              0.30410424
         44.000000              3.75420294              0.31299072
         46.000000              3.83990777              0.32134638
         48.000000              3.92744385              0.33006139
         50.000000              4.01024057              0.34027993
         52.000000              4.09346587              0.34790321
         54.000000              4.17731152              0.35787290
         56.000000              4.25905066              0.36799459
         58.000000              4.34087745              0.37635758
         60.000000              4.42234907              0.38646238
         62.000000              4.50471289              0.39778253
         64.000000              4.58403025              0.40504262
         66.000000              4.66207043              0.41480738
         68.000000              4.73898896              0.42477848
         70.000000              4.81719202              0.43531602
         72.000000              4.89291992              0.44430290
         74.000000              4.96947663              0.45421736
         76.000000              5.04519742              0.46422392
         78.000000              5.12173946              0.47424981
         80.000000              5.19728051              0.48339459
         82.000000              5.27146093              0.48898425
         84.000000              5.34593724              0.49740673
         86.000000              5.42008878              0.50825724
         88.000000              5.49467856              0.51580276
         90.000000              5.56794293              0.52471081
         92.000000              5.64212907              0.53439749
         94.000000              5.71274791              0.54131779
         96.000000              5.78547863              0.54973863
         98.000000              5.85784649              0.56196153
        100.000000              5.92934210              0.57150624
        102.000000              5.99963026              0.58227299
        104.000000              6.07148860              0.59042437
        106.000000              6.14170462              0.60032117
        108.000000              6.21114717              0.61128368
        110.000000              6.28349797              0.61906514
        112.000000              6.35548959              0.63234959
        114.000000              6.42472095              0.64256118
        116.000000              6.49796908              0.65202972
        118.000000              6.56947914              0.66077094
        120.000000              6.64062679              0.66956939
        122.000000              6.70817021              0.68212084
        124.000000              6.77635291              0.69104113
        126.000000              6.84498160              0.70322390
        128.000000              6.91400461              0.71420213
        130.000000              6.98091677              0.72247901
        132.000000              7.05220636              0.73393373
        134.000000              7.12085847              0.74428612
        136.000000              7.19022450              0.75391886
        138.000000              7.25992280              0.76383957
        140.000000              7.32866639              0.77397145
        142.000000              7.39553439              0.78289308
        144.000000              7.46371582              0.79133841
        146.000000              7.53286248              0.80298582
        148.000000              7.59970627              0.81220811
        150.000000              7.66866955              0.82109343
        152.000000              7.73449920              0.83063618
        154.000000              7.80253736              0.84178478
        156.000000              7.86773082              0.84997825
        158.000000              7.93576081              0.86018886
        160.000000              8.00325388              0.87168749
        162.000000              8.06906516              0.88047743
        164.000000              8.13554677              0.89176669
        166.000000              8.19914052              0.90400116
        168.000000              8.26535077              0.91364176
        170.000000              8.33206262              0.92554111
        172.000000              8.39637731              0.93570581
        174.000000              8.45992504              0.94409563
        176.000000              8.52647683              0.95781084
        178.000000              8.59370326              0.96886287
        180.000000              8.66044298              0.98011520
        182.000000              8.72814523              0.99028806
        184.000000              8.79407520              1.00484077
        186.000000              8.86031396              1.01539507
        188.000000              8.92502210              1.02502486
        190.000000              8.99061058              1.03838271
        192.000000              9.05578717              1.04758056
        194.000000              9.11982883              1.05706419
        196.000000              9.18530701              1.06692074
        198.000000              9.24887013              1.07634305
        200.000000              9.31518348              1.08510370
        202.000000              9.37997529              1.09659774
        204.000000              9.44278710              1.10608540
        206.000000              9.50920062              1.11833996
        208.000000              9.57211031              1.12840361
        210.000000              9.63901251              1.14015065
        212.000000              9.70114771              1.15255923
        214.000000              9.76634787              1.16130772
        216.000000              9.82880908              1.17468407
        218.000000              9.89326754              1.18700247
        220.000000              9.95888131              1.19951794
        222.000000             10.02178839              1.21028374
        224.000000             10.08426863              1.22590424
        226.000000             10.14800263              1.23803342
        228.000000             10.21170860              1.24820184
        230.000000             10.27547566              1.26122877
        232.000000             10.34053194              1.27244387
        234.000000             10.40473441              1.28814349
        236.000000             10.46744749              1.29970062
        238.000000             10.53052478              1.31003154
        240.000000             10.59427436              1.32270717
        242.000000             10.65395627              1.33509778
        244.000000             10.71952042              1.34572958
        246.000000             10.78193199              1.35855481
        248.000000             10.84376610              1.37042008
        250.000000             10.90871871              1.38371346
        252.000000             10.97189888              1.39966052
        254.000000             11.03448832              1.41039903
        256.000000             11.09879697              1.42320294
        258.000000             11.16375276              1.43666478
        260.000000             11.22570250              1.45127237
        262.000000             11.28534251              1.46381363
        264.000000             11.34975865              1.47731186
        266.000000             11.41507249              1.48929536
        268.000000             11.47759045              1.49975405
        270.000000             11.53993330              1.51391866
        272.000000             11.60493625              1.52696613
        274.000000             11.66903651              1.54018069
        276.000000             11.73276056              1.55263445
        278.000000             11.79536050              1.56606443
        280.000000             11.85841229              1.58039634
        282.000000             11.92244435              1.59262729
        284.000000             11.98702931              1.60471274
        286.000000             12.04776932              1.61798601
        288.000000             12.11146589              1.63183374
        290.000000             12.17606095              1.64454129
        292.000000             12.23682906              1.65717884
        294.000000             12.29775592              1.66924778
        296.000000             12.36182786              1.68217890
        298.000000             12.42213204              1.69467766
        300.000000             12.48640887              1.70796010
        302.000000             12.54527335              1.72191824
        304.000000             12.60607282              1.73491653
        306.000000             12.66577766              1.74606321
        308.000000             12.72619079              1.75627951
        310.000000             12.78925726              1.76638906
        312.000000             12.84821098              1.78014559
        314.000000             12.91040059              1.78911519
        316.000000             12.97176301              1.79976599
        318.000000             13.03417615              1.81080062
        320.000000             13.09806898              1.82533061
        322.000000             13.15967597              1.83774717
        324.000000             13.22171668              1.85068298
        326.000000             13.28250726              1.86259713
        328.000000             13.34283459              1.87414742
        330.000000             13.40521925              1.88651567
        332.000000             13.46666027              1.89907911
        334.000000             13.52864350              1.91035213
        336.000000             13.59081154              1.92098523
        338.000000             13.65069461              1.93223589
        340.000000             13.71221544              1.94113639
        342.000000             13.77313297              1.95491786
        344.000000             13.83575339              1.96620050
        346.000000             13.89608630              1.97949625
        348.000000             13.95791386              1.99120679
        350.000000             14.01956775              2.00305684
        352.000000             14.08258282              2.01155647
        354.000000             14.14354670              2.02400185
        356.000000             14.20473269              2.03654058
        358.000000             14.26641392              2.04848471
        360.000000             14.32774788              2.05863477
        362.000000             14.38845992              2.06865691
        364.000000             14.44789645              2.08044545
        366.000000             14.51126185              2.09117618
        368.000000             14.57002228              2.10147840
        370.000000             14.63184576              2.11224274
        372.000000             14.69109589              2.12375746
        374.000000             14.74902532              2.13614488
        376.000000             14.80672776              2.14526542
        378.000000             14.86620130              2.15655771
        380.000000             14.92556711              2.16936921
        382.000000             14.98408226              2.18130816
        384.000000             15.04314741              2.19003527
        386.000000             15.10221533              2.19971095
        388.000000             15.16068197              2.20930671
        390.000000             15.21818995              2.22148556
        392.000000             15.28184962              2.23566391
        394.000000             15.34055956              2.24899189
        396.000000             15.40246390              2.25859441
        398.000000             15.46311167              2.26830955
        400.000000             15.52325404              2.28076415
        402.000000             15.58150175              2.29124283
        404.000000             15.64517537              2.30023781
        406.000000             15.70397318              2.31296729
        408.000000             15.76447558              2.32252000
        410.000000             15.82369551              2.33171862
        412.000000             15.88147305              2.34303016
        414.000000             15.94063903              2.35428970
        416.000000             16.00167058              2.36877159
        418.000000             16.06015837              2.37873566
        420.000000             16.11971659              2.39592104
        422.000000             16.17914227              2.40693752
        424.000000             16.23894285              2.41922720
        426.000000             16.29686195              2.43457157
        428.000000             16.35359909              2.45042462
        430.000000             16.41347082              2.46339852
        432.000000             16.47251898              2.47605935
        434.000000             16.53078862              2.48754770
        436.000000             16.59015663              2.50041109
        438.000000             16.64772209              2.51125138
        440.000000             16.70776035              2.52527834
        442.000000             16.76520921              2.53755043
        444.000000             16.82364492              2.54928300
        446.000000             16.88382075              2.56072689
        448.000000             16.94158117              2.57483789
        450.000000             17.00062928              2.58651661
        452.000000             17.06124122              2.59920412
        454.000000             17.11814422              2.61262573
        456.000000             17.17688601              2.62644348
        458.000000             17.23521623              2.63786435
        460.000000             17.29393758              2.64806517
        462.000000             17.35228166              2.66072163
        464.000000             17.41197193              2.67815073
        466.000000             17.46933426              2.69088917
        468.000000             17.52853253              2.70683696
        470.000000             17.58607269              2.71984961
        472.000000             17.64599860              2.73184013
        474.000000             17.70582897              2.74905410
        476.000000             17.76254912              2.76104649
        478.000000             17.82405677              2.77611731
        480.000000             17.88122795              2.78897333
        482.000000             17.93626838              2.80176167
        484.000000             17.99454654              2.81644205
        486.000000             18.05647556              2.83267265
        488.000000             18.11404936              2.84895035
        490.000000             18.17409585              2.86477742
        492.000000             18.23166606              2.87632194
        494.000000             18.29016205              2.89052481
        496.000000             18.34958216              2.90596553
        498.000000             18.40616305              2.92024694
        500.000000             18.46318010              2.93508966
        502.000000             18.52360135              2.94995784
        504.000000             18.58104866              2.96348304
        506.000000             18.63717463              2.98021904
        508.000000             18.69589686              2.99764190
        510.000000             18.75646386              3.01166494
        512.000000             18.81618884              3.02627878
        514.000000             18.87632185              3.04158709
        516.000000             18.93648835              3.05927152
        518.000000             18.99803252              3.07258364
        520.000000             19.05528757              3.08863165
        522.000000             19.11457439              3.10419683
        524.000000             19.17469219              3.12038535
        526.000000             19.23571531              3.13707385
        528.000000             19.29578901              3.15106399
        530.000000             19.35307576              3.16606684
        532.000000             19.41403177              3.18141770
        534.000000             19.46878729              3.19443049
        536.000000             19.53013604              3.20805765
        538.000000             19.59238034              3.22222310
        540.000000             19.65111829              3.23776024
        542.000000             19.71377649              3.25132842
        544.000000             19.77471513              3.26080322
        546.000000             19.83603194              3.27407008
        548.000000             19.89798240              3.28872668
        550.000000             19.95797191              3.30279584
        552.000000             20.01853176              3.31878342
        554.000000             20.07988743              3.33228847
        556.000000             20.14133537              3.34934251
        558.000000             20.20353204              3.36398051
        560.000000             20.26665186              3.37665434
        562.000000             20.32517887              3.39493479
        564.000000             20.38471443              3.41249500
        566.000000             20.44666056              3.42661307
        568.000000             20.50659161              3.44305199
        570.000000             20.56605964              3.45753450
        572.000000             20.62586501              3.47286647
        574.000000             20.68691838              3.48970574
        576.000000             20.74790263              3.50501755
        578.000000             20.81066011              3.51832412
        580.000000             20.86998039              3.53416562
        582.000000             20.92565273              3.54794679
        584.000000             20.98443618              3.56083399
        586.000000             21.04713381              3.57688878
        588.000000             21.10442941              3.59126502
        590.000000             21.16254177              3.60709069
        592.000000             21.22219198              3.62088775
        594.000000             21.27975243              3.63481604
        596.000000             21.34187399              3.65000334
        598.000000             21.40458993              3.66468616
        600.000000             21.46613710              3.67720639
        602.000000             21.53126558              3.69518702
        604.000000             21.59210949              3.70826017
        606.000000             21.65583979              3.72584588
        608.000000             21.71622034              3.73831468
        610.000000             21.78124040              3.75090692
        612.000000             21.84076274              3.76404082
        614.000000             21.89966740              3.77749382
        616.000000             21.95999180              3.78907123
        618.000000             22.01991537              3.79808045
        620.000000             22.08071965              3.80579377
        622.000000             22.14181844              3.81802331
        624.000000             22.19491418              3.83135702
        626.000000             22.25702298              3.84477736
        628.000000             22.31797721              3.85466814
        630.000000             22.37461732              3.86814810
        632.000000             22.43555664              3.88089345
        634.000000             22.49851744              3.89393045
        636.000000             22.55745239              3.90968284
        638.000000             22.61684206              3.92512479
        640.000000             22.67898319              3.93971219
        642.000000             22.73778270              3.95505259
        644.000000             22.79692583              3.96850771
        646.000000             22.85760632              3.97788294
        648.000000             22.91834173              3.98500698
        650.000000             22.97690188              3.99907463
        652.000000             23.04086103              4.01205321
        654.000000             23.09805488              4.02401533
        656.000000             23.15694953              4.04237641
        658.000000             23.21734162              4.05321698
        660.000000             23.27801544              4.06518949
        662.000000             23.33951912              4.08089179
        664.000000             23.39613085              4.09322524
        666.000000             23.45637157              4.10649111
        668.000000             23.51931212              4.12038304
        670.000000             23.57849283              4.13563282
        672.000000             23.63770204              4.14752752
        674.000000             23.69972882              4.16338635
        676.000000             23.75828721              4.17487757
        678.000000             23.81243987              4.18868829
        680.000000             23.87361545              4.20078367
        682.000000             23.93287280              4.21496948
        684.000000             23.99221669              4.22632660
        686.000000             24.05432296              4.24187897
        688.000000             24.11527671              4.25587096
        690.000000             24.17462199              4.26758001
        692.000000             24.23548393              4.27631459
        694.000000             24.29224241              4.28567480
        696.000000             24.35416694              4.29555162
        698.000000             24.41363251              4.30489328
        700.000000             24.47428902              4.31726357
        702.000000             24.53429957              4.33119830
        704.000000             24.59333776              4.34305488
        706.000000             24.65176759              4.35338542
        708.000000             24.71116643              4.36533400
        710.000000             24.76701690              4.37440952
        712.000000             24.82233135              4.38362649
        714.000000             24.87865935              4.39691962
        716.000000             24.93508430              4.41089170
        718.000000             24.99099172              4.42653988
        720.000000             25.04729844              4.44313080
        722.000000             25.10456363              4.45506054
        724.000000             25.16548961              4.46735723
        726.000000             25.21859815              4.47520031
        728.000000             25.27177251              4.48056777
        730.000000             25.32906326              4.48358060
        732.000000             25.37975048              4.49303085
        734.000000             25.43662176              4.50128037
        736.000000             25.49026597              4.50813343
        738.000000             25.54632457              4.51279047
        740.000000             25.60340222              4.52129389
        742.000000             25.66298278              4.52678843
        744.000000             25.72159107              4.53852556
        746.000000             25.77491399              4.54798105
        748.000000             25.83149363              4.55217761
        750.000000             25.88657649              4.55626890
        752.000000             25.94347236              4.56517266
        754.000000             25.99591246              4.57495131
        756.000000             26.05582899              4.57695403
        758.000000             26.11372261              4.58448716
        760.000000             26.16835967              4.58740679
        762.000000             26.22441898              4.59263939
        764.000000             26.27765574              4.59746416
        766.000000             26.32924579              4.59682902
        768.000000             26.38087324              4.60361296
        770.000000             26.43214710              4.60819819
        772.000000             26.48124798              4.61020360
        774.000000             26.53148680              4.60907290
        776.000000             26.58260408              4.61383386
        778.000000             26.63637899              4.61021321
        780.000000             26.68969334              4.61873336
        782.000000             26.74112704              4.62416623
        784.000000             26.79420591              4.62984164
        786.000000             26.84589290              4.63519694
        788.000000             26.90050769              4.63577948
        790.000000             26.94881093              4.64350698
        792.000000             27.00550988              4.65121727
        794.000000             27.05725326              4.66138801
        796.000000             27.11170660              4.66262995
        798.000000             27.16556023              4.66989675
        800.000000             27.21789540              4.67843245
        802.000000             27.27388100              4.68697898
        804.000000             27.32551068              4.69159445
        806.000000             27.37938897              4.69732743
        808.000000             27.43000453              4.70346674
        810.000000             27.48275875              4.71248970
        812.000000             27.53774422              4.71760389
        814.000000             27.59104296              4.72644494
        816.000000             27.64829811              4.72895056
        818.000000             27.70583328              4.73407430
        820.000000             27.76408731              4.73955214
        822.000000             27.81898671              4.73616678
        824.000000             27.87161227              4.72993950
        826.000000             27.93051434              4.73090740
        828.000000             27.99314766              4.73151639
        830.000000             28.05245344              4.73401961
        832.000000             28.11673371              4.73813297
        834.000000             28.17163047              4.73978326
        836.000000             28.22966157              4.74380745
        838.000000             28.29021692              4.75224956
        840.000000             28.35000871              4.75129314
        842.000000             28.40957809              4.76039212
        844.000000             28.47619420              4.76746477
        846.000000             28.53561460              4.77518477
        848.000000             28.59430408              4.78279290
        850.000000             28.65618601              4.79742699
        852.000000             28.72167287              4.80520925
        854.000000             28.78626463              4.81588615
        856.000000             28.85008563              4.81977935
        858.000000             28.90901328              4.82713344
        860.000000             28.97924836              4.83940851
        862.000000             29.04170318              4.85118764
        864.000000             29.10536562              4.85514772
        866.000000             29.17299235              4.87024098
        868.000000             29.23583878              4.87601636
        870.000000             29.29425541              4.87926244
        872.000000             29.35649001              4.89286443
        874.000000             29.42622301              4.90049519
        876.000000             29.49235642              4.91372962
        878.000000             29.55192734              4.91249266
        880.000000             29.61613707              4.91697612
        882.000000             29.67496266              4.92748258
        884.000000             29.73979241              4.92394250
        886.000000             29.80377016              4.92992633
        888.000000             29.86812686              4.93481123
        890.000000             29.92565960              4.94055925
        892.000000             29.98346712              4.94444269
        894.000000             30.03741808              4.94184918
        896.000000             30.09216197              4.94717497
        898.000000             30.15693419              4.95711391
        900.000000             30.21197306              4.95848646
        902.000000             30.27127800              4.96419924
        904.000000             30.33655620              4.96327475
        906.000000             30.39421376              4.96550440
        908.000000             30.44591052              4.97066023
        910.000000             30.49487924              4.96464395
        912.000000             30.54763504              4.96698086
        914.000000             30.60115742              4.96762402
        916.000000             30.66174982              4.97969426
        918.000000             30.71467348              4.98403346
        920.000000             30.76915653              4.98399554
        922.000000             30.82898662              4.98917930
        924.000000             30.88942184              4.98779857
        926.000000             30.94717283              4.98175472
        928.000000             31.01212107              4.99234450
        930.000000             31.08352386              4.99121376
        932.000000             31.15202167              5.01177924
        934.000000             31.21037777              5.02078411
        936.000000             31.26511372              5.03429985
        938.000000             31.33122226              5.03451188
        940.000000             31.40448915              5.05420234
        942.000000             31.44277327              5.07211006
        944.000000             31.50633038              5.07970388
        946.000000             31.56596092              5.10355402
        948.000000             31.60789746              5.12021858
        950.000000             31.66347386              5.12851583
        952.000000             31.71926804              5.12841127
        954.000000             31.79273775              5.11223843
        956.000000             31.83767755              5.11961348
        958.000000             31.90756488              5.12619364
        960.000000             31.96343335              5.13806728
        962.000000             32.01567533              5.14398443
        964.000000             32.07745393              5.15733609
        966.000000             32.12261470              5.17367607
        968.000000             32.18259332              5.19381397
        970.000000             32.25895461              5.21290208
        972.000000             32.32805359              5.23211923
        974.000000             32.40531754              5.23507020
        976.000000             32.48156822              5.26094422
        978.000000             32.56477141              5.27726602
        980.000000             32.65121622              5.29875407
        982.000000             32.74914117              5.31568603
        984.000000             32.84076742              5.38277978
        986.000000             32.90278265              5.43572527
        988.000000             32.99604721              5.51230015
        990.000000             33.05180845              5.55558929
        992.000000             33.11958337              5.64008383
        994.000000             33.16857453              5.65433423
        996.000000             33.20567905              5.66240566
        998.000000             33.14915850              5.74355065
       1000.000000             33.21130278              5.51180118
       