       # Time (ps)   MSD_mean (Angstrom^2)    MSD_std (Angstrom^2)
          2.000000              1.17904262              0.03200178
          4.000000              1.43256684              0.05368829
          6.000000              1.61442377              0.07268046
          8.000000              1.78549157              0.09183796
         10.000000              1.93536054              0.10910187
         12.000000              2.06348063              0.12203077
         14.000000              2.18770919              0.13723973
         16.000000              2.30884393              0.15146617
         18.000000              2.42078588              0.16511828
         20.000000              2.52778120              0.18133684
         22.000000              2.63231618              0.19698768
         24.000000              2.73255879              0.21222820
         26.000000              2.83179252              0.22760277
         28.000000              2.92828374              0.24197771
         30.000000              3.01999740              0.25575675
         32.000000              3.11140004              0.26943179
         34.000000              3.20100995              0.28203647
         36.000000              3.29166910              0.29472833
         38.000000              3.37757081              0.30406222
         40.000000              3.46282870              0.31435507
         42.000000              3.54778400              0.32630237
         44.000000              3.63261577              0.33390736
         46.000000              3.71475080              0.34370424
         48.000000              3.79698512              0.35345126
         50.000000              3.87628656              0.36303926
         52.000000              3.95457520              0.37290145
         54.000000              4.03213820              0.38171283
         56.000000              4.11148920              0.38937861
         58.000000              4.18994332              0.39742262
         60.000000              4.26633522              0.40817322
         62.000000              4.34472993              0.41455447
         64.000000              4.41935421              0.42399545
         66.000000              4.49678335              0.43322314
         68.000000              4.56932596              0.44357188
         70.000000              4.64190209              0.45346762
         72.000000              4.71536577              0.46201517
         74.000000              4.78618166              0.47232166
         76.000000              4.85829537              0.48205642
         78.000000              4.93062195              0.48975527
         80.000000              5.00043887              0.49939722
         82.000000              5.07063463              0.50765607
         84.000000              5.13938543              0.51437238
         86.000000              5.20996477              0.52215530
         88.000000              5.27643403              0.53175084
         90.000000              5.34735824              0.54101819
         92.000000              5.41692335              0.55052801
         94.000000              5.48228668              0.55829001
         96.000000              5.54971148              0.56825235
         98.000000              5.61657976              0.57815933
        100.000000              5.68121626              0.58434296
        102.000000              5.74899865              0.59572535
        104.000000              5.81338812              0.60390954
        106.000000              5.88007008              0.61112256
        108.000000              5.94469593              0.62278640
        110.000000              6.00847461              0.63058355
        112.000000              6.07231148              0.64308274
        114.000000              6.13875685              0.65079552
        116.000000              6.20522090              0.66299128
        118.000000              6.27173323              0.66987029
        120.000000              6.33508155              0.67889279
        122.000000              6.39950371              0.68638009
        124.000000              6.45993813              0.69369739
        126.000000              6.52316201              0.70332219
        128.000000              6.58904148              0.71378692
        130.000000              6.65233952              0.72472069
        132.000000              6.71480176              0.73388928
        134.000000              6.77827978              0.74389518
        136.000000              6.84045413              0.75142577
        138.000000              6.90364786              0.76491012
        140.000000              6.96727274              0.77419738
        142.000000              7.02839247              0.78627096
        144.000000              7.09021629              0.79589453
        146.000000              7.15005232              0.80525565
        148.000000              7.20992950              0.81434201
        150.000000              7.27122027              0.82427651
        152.000000              7.33285863              0.83396886
        154.000000              7.39328127              0.84376543
        156.000000              7.45264219              0.85145574
        158.000000              7.51455946              0.86103296
        160.000000              7.57297900              0.87068932
        162.000000              7.63369733              0.87673408
        164.000000              7.69459436              0.88647573
        166.000000              7.75556574              0.89819246
        168.000000              7.81530279              0.90644416
        170.000000              7.87643342              0.91696520
        172.000000              7.93726978              0.92785296
        174.000000              7.99864740              0.94086051
        176.000000              8.05692302              0.95110245
        178.000000              8.11665718              0.96045321
        180.000000              8.17685312              0.97030022
        182.000000              8.23646888              0.97834415
        184.000000              8.29402600              0.98701127
        186.000000              8.35171102              0.99765519
        188.000000              8.41055368              1.00612984
        190.000000              8.46932136              1.01576590
        192.000000              8.52850561              1.02396043
        194.000000              8.58676827              1.03399984
        196.000000              8.64191656              1.04547614
        198.000000              8.70111190              1.05808255
        200.000000              8.75638448              1.06853244
        202.000000              8.81355627              1.07641430
        204.000000              8.87298954              1.08492909
        206.000000              8.92959433              1.09842591
        208.000000              8.98471497              1.10730997
        210.000000              9.04027777              1.11798193
        212.000000              9.09507486              1.12852842
        214.000000              9.15039861              1.14046218
        216.000000              9.20420958              1.15145962
        218.000000              9.26240482              1.16152877
        220.000000              9.31758979              1.16932190
        222.000000              9.37162442              1.18265230
        224.000000              9.42749900              1.19306596
        226.000000              9.48523414              1.20437835
        228.000000              9.54250032              1.21341994
        230.000000              9.59777648              1.22454452
        232.000000              9.65191043              1.23548301
        234.000000              9.71141881              1.24984063
        236.000000              9.76669578              1.26027006
        238.000000              9.82662671              1.27027386
        240.000000              9.88301183              1.28261139
        242.000000              9.93758122              1.29206445
        244.000000              9.99283077              1.30123178
        246.000000             10.04862126              1.31027560
        248.000000             10.10442252              1.32194156
        250.000000             10.15803616              1.33018018
        252.000000             10.21712017              1.33957522
        254.000000             10.27170968              1.35169607
        256.000000             10.32570834              1.36280494
        258.000000             10.38239360              1.37595134
        260.000000             10.43768307              1.38513400
        262.000000             10.49091885              1.39500120
        264.000000             10.54674556              1.40403822
        266.000000             10.59878045              1.41748937
        268.000000             10.65395573              1.42905188
        270.000000             10.70872094              1.44087571
        272.000000             10.76453510              1.45296943
        274.000000             10.81801528              1.46345658
        276.000000             10.87194219              1.47166235
        278.000000             10.92692637              1.48516371
        280.000000             10.98213624              1.49687800
        282.000000             11.03529027              1.50632036
        284.000000             11.08877752              1.51783001
        286.000000             11.14159061              1.53083800
        288.000000             11.19603233              1.53891336
        290.000000             11.24834372              1.55078098
        292.000000             11.29866225              1.55879266
        294.000000             11.35117093              1.57102893
        296.000000             11.40568682              1.58195428
        298.000000             11.45650837              1.59480347
        300.000000             11.50873483              1.60341759
        302.000000             11.56041844              1.61589372
        304.000000             11.61194045              1.62767509
        306.000000             11.66393811              1.63903250
        308.000000             11.71960136              1.64928352
        310.000000             11.77044421              1.66060903
        312.000000             11.82557702              1.67069296
        314.000000             11.88103234              1.68133597
        316.000000             11.93520577              1.69421344
        318.000000             11.98747737              1.70727414
        320.000000             12.03848795              1.72124245
        322.000000             12.09140065              1.73241152
        324.000000             12.14099275              1.74225701
        326.000000             12.19392632              1.75467288
        328.000000             12.24494222              1.76592809
        330.000000             12.29709069              1.77591094
        332.000000             12.34948665              1.78636357
        334.000000             12.39847741              1.79803658
        336.000000             12.44816826              1.81331766
        338.000000             12.49625888              1.82824837
        340.000000             12.54743309              1.84080570
        342.000000             12.59651724              1.84939115
        344.000000             12.64939612              1.86076089
        346.000000             12.70017184              1.87466628
        348.000000             12.75172301              1.88738384
        350.000000             12.80371593              1.89989996
        352.000000             12.85319757              1.91155633
        354.000000             12.90410403              1.92478402
        356.000000             12.95697059              1.93712707
        358.000000             13.00798035              1.94942322
        360.000000             13.05830412              1.96071059
        362.000000             13.10972320              1.97469011
        364.000000             13.15907294              1.98224691
        366.000000             13.20966636              1.99383884
        368.000000             13.25984330              2.00556879
        370.000000             13.30932743              2.01726353
        372.000000             13.36003647              2.02945289
        374.000000             13.41121901              2.04411888
        376.000000             13.46147752              2.05827320
        378.000000             13.51158210              2.07061348
        380.000000             13.56302505              2.07968491
        382.000000             13.61921930              2.09347237
        384.000000             13.67148428              2.10419980
        386.000000             13.72376483              2.11506425
        388.000000             13.77773414              2.12602031
        390.000000             13.82851449              2.13574414
        392.000000             13.88011201              2.14347834
        394.000000             13.93031514              2.15472442
        396.000000             13.98399496              2.16477873
        398.000000             14.03500534              2.17273656
        400.000000             14.08513095              2.18361346
        402.000000             14.13616082              2.19382186
        404.000000             14.18655394              2.20128521
        406.000000             14.23460785              2.21077882
        408.000000             14.28694245              2.21913415
        410.000000             14.34015365              2.22637147
        412.000000             14.38972071              2.23387726
        414.000000             14.43925905              2.24088283
        416.000000             14.49109595              2.24838560
        418.000000             14.54400284              2.25684659
        420.000000             14.59132246              2.26310179
        422.000000             14.64516169              2.27141132
        424.000000             14.69759675              2.28034984
        426.000000             14.74927534              2.28805832
        428.000000             14.80376926              2.29844639
        430.000000             14.85315200              2.31062946
        432.000000             14.90222761              2.31859062
        434.000000             14.95788345              2.32747425
        436.000000             15.01191272              2.33336845
        438.000000             15.06545964              2.34318060
        440.000000             15.11711514              2.35130455
        442.000000             15.16924953              2.36256793
        444.000000             15.21976512              2.37072839
        446.000000             15.27102564              2.38200724
        448.000000             15.32038147              2.39134918
        450.000000             15.37463668              2.40139516
        452.000000             15.42590190              2.41058370
        454.000000             15.48097945              2.42131361
        456.000000             15.53049610              2.43201081
        458.000000             15.58298929              2.44030350
        460.000000             15.63866130              2.45258629
        462.000000             15.69106407              2.46446178
        464.000000             15.74221266              2.47495386
        466.000000             15.79564466              2.49010676
        468.000000             15.84909833              2.50104335
        470.000000             15.89963033              2.51181811
        472.000000             15.95538575              2.52376954
        474.000000             16.00647904              2.53596227
        476.000000             16.06082672              2.54674171
        478.000000             16.11215531              2.55749113
        480.000000             16.16433436              2.56963749
        482.000000             16.21570167              2.58094889
        484.000000             16.26653877              2.59221673
        486.000000             16.31561122              2.60577747
        488.000000             16.36943984              2.61779834
        490.000000             16.41805602              2.62567621
        492.000000             16.46994191              2.63450720
        494.000000             16.52608455              2.64592242
        496.000000             16.57830505              2.65560631
        498.000000             16.62993985              2.66417550
        500.000000             16.68322600              2.67760762
        502.000000             16.73803645              2.68872797
        504.000000             16.79033087              2.69873051
        506.000000             16.84649494              2.71138327
        508.000000             16.90354839              2.72393576
        510.000000             16.95753703              2.73001834
        512.000000             17.00818113              2.73937752
        514.000000             17.05997407              2.74952530
        516.000000             17.11078086              2.76049587
        518.000000             17.15936845              2.76524796
        520.000000             17.20847358              2.77773145
        522.000000             17.25846598              2.78482468
        524.000000             17.30765592              2.79040671
        526.000000             17.35522161              2.79939961
        528.000000             17.40512946              2.81094035
        530.000000             17.45338400              2.81895725
        532.000000             17.50277347              2.82488359
        534.000000             17.55170700              2.83417265
        536.000000             17.60322642              2.84139986
        538.000000             17.65251679              2.84679375
        540.000000             17.69969152              2.85199187
        542.000000             17.75097086              2.86104997
        544.000000             17.80113582              2.86276672
        546.000000             17.85228343              2.86929340
        548.000000             17.90501650              2.87642591
        550.000000             17.95488871              2.88267778
        552.000000             18.00680781              2.88476291
        554.000000             18.05506030              2.89268726
        556.000000             18.09915042              2.89743645
        558.000000             18.14985715              2.90425145
        560.000000             18.19963057              2.91257302
        562.000000             18.24917796              2.91701355
        564.000000             18.29804930              2.92200411
        566.000000             18.34648720              2.92629492
        568.000000             18.39744708              2.92821971
        570.000000             18.44335982              2.93436155
        572.000000             18.49589613              2.93805394
        574.000000             18.54447484              2.94053313
        576.000000             18.59644531              2.94604236
        578.000000             18.64795080              2.94992168
        580.000000             18.69855331              2.95173041
        582.000000             18.75057214              2.95409192
        584.000000             18.80057211              2.96015471
        586.000000             18.85283892              2.96176735
        588.000000             18.90267490              2.96378918
        590.000000             18.95322334              2.96839352
        592.000000             19.00343177              2.96796883
        594.000000             19.05104039              2.97163419
        596.000000             19.10332324              2.97461969
        598.000000             19.15223735              2.97991525
        600.000000             19.20182956              2.98032738
        602.000000             19.24983015              2.98747426
        604.000000             19.30468273              2.99116332
        606.000000             19.35081772              2.99693796
        608.000000             19.40283734              2.99940394
        610.000000             19.45360728              3.00210433
        612.000000             19.50690310              3.00853992
        614.000000             19.56003670              3.01862982
        616.000000             19.61266129              3.01982149
        618.000000             19.66213284              3.02677232
        620.000000             19.71627375              3.03114401
        622.000000             19.76864536              3.03884273
        624.000000             19.82605751              3.04206138
        626.000000             19.87922082              3.04840822
        628.000000             19.93462179              3.05361179
        630.000000             19.98657654              3.05407517
        632.000000             20.04584058              3.05967846
        634.000000             20.09851466              3.06179835
        636.000000             20.15518438              3.06793673
        638.000000             20.20906177              3.07334201
        640.000000             20.26061396              3.07798709
        642.000000             20.31394396              3.08205101
        644.000000             20.36419843              3.08304358
        646.000000             20.41806450              3.08609244
        648.000000             20.46840862              3.08948079
        650.000000             20.51413385              3.09722365
        652.000000             20.56664740              3.10037279
        654.000000             20.61816253              3.10036955
        656.000000             20.67045305              3.10220019
        658.000000             20.72313161              3.10878693
        660.000000             20.77163420              3.10940391
        662.000000             20.82245057              3.11519953
        664.000000             20.87160663              3.12311557
        666.000000             20.92185865              3.13012839
        668.000000             20.97114288              3.13221910
        670.000000             21.02010718              3.13785637
        672.000000             21.07045729              3.14293063
        674.000000             21.11624076              3.14511604
        676.000000             21.16772434              3.15187573
        678.000000             21.21581795              3.15606662
        680.000000             21.26462820              3.15875583
        682.000000             21.31535987              3.16162004
        684.000000             21.36621847              3.16197215
        686.000000             21.41216705              3.16230742
        688.000000             21.46586999              3.16716607
        690.000000             21.51990358              3.17085496
        692.000000             21.57653177              3.17120097
        694.000000             21.62170994              3.17383007
        696.000000             21.67573463              3.18545066
        698.000000             21.73476763              3.19855218
        700.000000             21.78721984              3.20579349
        702.000000             21.84079449              3.21722552
        704.000000             21.89620724              3.22704325
        706.000000             21.94403866              3.23387550
        708.000000             21.99439309              3.24144332
        710.000000             22.04771278              3.25173367
        712.000000             22.09302607              3.25695650
        714.000000             22.14103425              3.26413401
        716.000000             22.19574953              3.27132637
        718.000000             22.25134595              3.28056291
        720.000000             22.30753475              3.29036995
        722.000000             22.36486601              3.30123611
        724.000000             22.42146223              3.30056651
        726.000000             22.47204920              3.30717240
        728.000000             22.52684852              3.31307079
        730.000000             22.58367633              3.32190667
        732.000000             22.63782147              3.32848519
        734.000000             22.69099356              3.33660927
        736.000000             22.74293324              3.34281191
        738.000000             22.79717387              3.34291334
        740.000000             22.84791913              3.35311749
        742.000000             22.90032411              3.36846312
        744.000000             22.95140417              3.37928293
        746.000000             23.00229949              3.39354230
        748.000000             23.05380412              3.40147816
        750.000000             23.10318467              3.41100465
        752.000000             23.14922018              3.42392339
        754.000000             23.20518656              3.43066405
        756.000000             23.26095434              3.44090366
        758.000000             23.31531487              3.45132085
        760.000000             23.37352000              3.45508641
        762.000000             23.42226664              3.47094813
        764.000000             23.47198586              3.48270205
        766.000000             23.52377363              3.50024729
        768.000000             23.57699430              3.50830609
        770.000000             23.62847150              3.51742909
        772.000000             23.68194807              3.53509291
        774.000000             23.72890068              3.54766289
        776.000000             23.77276051              3.55784620
        778.000000             23.82309062              3.56914408
        780.000000             23.87821441              3.57228192
        782.000000             23.92107361              3.58697583
        784.000000             23.97254787              3.59940844
        786.000000             24.01496143              3.60496475
        788.000000             24.06410028              3.61932495
        790.000000             24.11409978              3.62741460
        792.000000             24.16132908              3.63869819
        794.000000             24.20881469              3.64924170
        796.000000             24.25860488              3.65454879
        798.000000             24.30558579              3.65906581
        800.000000             24.35609505              3.66316761
        802.000000             24.39440844              3.66010892
        804.000000             24.43347330              3.66466043
        806.000000             24.48760675              3.66869395
        808.000000             24.53350902              3.66976221
        810.000000             24.58875032              3.66681899
        812.000000             24.63541066              3.66221232
        814.000000             24.67706381              3.65657681
        816.000000             24.72039606              3.65942434
        818.000000             24.77350319              3.65261531
        820.000000             24.82532588              3.65717082
        822.000000             24.86748699              3.66070356
        824.000000             24.91895246              3.66744503
        826.000000             24.96767880              3.66753992
        828.000000             25.01503928              3.67200755
        830.000000             25.05102609              3.68028279
        832.000000             25.10532385              3.69162588
        834.000000             25.15882483              3.69972873
        836.000000             25.20362973              3.69175918
        838.000000             25.26138196              3.69400273
        840.000000             25.32878145              3.69992175
        842.000000             25.38076619              3.70953234
        844.000000             25.41020836              3.70915987
        846.000000             25.46014729              3.71464472
        848.000000             25.50218526              3.70812603
        850.000000             25.54995200              3.71164438
        852.000000             25.60273284              3.72991246
        854.000000             25.64495497              3.73142543
        856.000000             25.69711911              3.73331391
        858.000000             25.75847569              3.70779010
        860.000000             25.81418687              3.71357338
        862.000000             25.88826617              3.71868703
        864.000000             25.96746725              3.72984128
        866.000000             26.02591125              3.73883254
        868.000000             26.08536705              3.73854685
        870.000000             26.15018477              3.72546249
        872.000000             26.19291443              3.73773058
        874.000000             26.24072084              3.71502806
        876.000000             26.28316205              3.74015352
        878.000000             26.33960649              3.74618964
        880.000000             26.39666557              3.75927092
        882.000000             26.44163571              3.80612327
        884.000000             26.51331153              3.86877334
        886.000000             26.56015546              3.94645449
        888.000000             26.58948851              4.03258724
        890.000000             26.67790475              4.11854426
        892.000000             26.72460097              4.16053277
        894.000000             26.73749203              4.14381849
        896.000000             26.75304930              4.17773846
        898.000000             26.82601226              4.22510142
