       # Time (ps)   MSD_mean (Angstrom^2)    MSD_std (Angstrom^2)
          2.000000              1.20680673              0.03492705
          4.000000              1.46110503              0.05485578
          6.000000              1.65139811              0.07287640
          8.000000              1.82931474              0.09106073
         10.000000              1.98366713              0.10542694
         12.000000              2.11780333              0.12229360
         14.000000              2.24495784              0.14036001
         16.000000              2.36863006              0.15470755
         18.000000              2.48461522              0.16763929
         20.000000              2.59654205              0.18060029
         22.000000              2.70461860              0.19477417
         24.000000              2.81049937              0.20953096
         26.000000              2.91320388              0.22294405
         28.000000              3.01184344              0.23301281
         30.000000              3.11010389              0.24441477
         32.000000              3.20638737              0.25604672
         34.000000              3.30156372              0.26658770
         36.000000              3.39321264              0.27501170
         38.000000              3.48429390              0.28470723
         40.000000              3.57550202              0.29744550
         42.000000              3.66600102              0.30393895
         44.000000              3.75380170              0.31297978
         46.000000              3.83930939              0.32117419
         48.000000              3.92696523              0.33012239
         50.000000              4.00983148              0.34046637
         52.000000              4.09296640              0.34817752
         54.000000              4.17671372              0.35827873
         56.000000              4.25856132              0.36828371
         58.000000              4.34037368              0.37680186
         60.000000              4.42154664              0.38705151
         62.000000              4.50394869              0.39796193
         64.000000              4.58335953              0.40516208
         66.000000              4.66140836              0.41478850
         68.000000              4.73835423              0.42484913
         70.000000              4.81624020              0.43521843
         72.000000              4.89249440              0.44437575
         74.000000              4.96888385              0.45437809
         76.000000              5.04448069              0.46453952
         78.000000              5.12115102              0.47447144
         80.000000              5.19663886              0.48360296
         82.000000              5.27067143              0.48941558
         84.000000              5.34515340              0.49788664
         86.000000              5.41951244              0.50866940
         88.000000              5.49403342              0.51598599
         90.000000              5.56742714              0.52502806
         92.000000              5.64150702              0.53452004
         94.000000              5.71216849              0.54141578
         96.000000              5.78504476              0.55010766
         98.000000              5.85752515              0.56241616
        100.000000              5.92876200              0.57180416
        102.000000              5.99894327              0.58261521
        104.000000              6.07088567              0.59062104
        106.000000              6.14126553              0.60074958
        108.000000              6.21056529              0.61147137
        110.000000              6.28328608              0.61927612
        112.000000              6.35513954              0.63237848
        114.000000              6.42402501              0.64268198
        116.000000              6.49757842              0.65193082
        118.000000              6.56909423              0.66069992
        120.000000              6.64048658              0.66974150
        122.000000              6.70774322              0.68220157
        124.000000              6.77589006              0.69107518
        126.000000              6.84450983              0.70329800
        128.000000              6.91366258              0.71447882
        130.000000              6.98046544              0.72255190
        132.000000              7.05158621              0.73396765
        134.000000              7.12028791              0.74436286
        136.000000              7.18992073              0.75346993
        138.000000              7.25942897              0.76372187
        140.000000              7.32835289              0.77399571
        142.000000              7.39522617              0.78286185
        144.000000              7.46329925              0.79119447
        146.000000              7.53256019              0.80292315
        148.000000              7.59950424              0.81260303
        150.000000              7.66821934              0.82120763
        152.000000              7.73444921              0.83070221
        154.000000              7.80245543              0.84246805
        156.000000              7.86760505              0.85058334
        158.000000              7.93574133              0.86032210
        160.000000              8.00295395              0.87199702
        162.000000              8.06867132              0.88088707
        164.000000              8.13551439              0.89210642
        166.000000              8.19899906              0.90435519
        168.000000              8.26527832              0.91402914
        170.000000              8.33218682              0.92582885
        172.000000              8.39636260              0.93571433
        174.000000              8.46006950              0.94421522
        176.000000              8.52666410              0.95786314
        178.000000              8.59357624              0.96931977
        180.000000              8.66021361              0.98030047
        182.000000              8.72815697              0.99084850
        184.000000              8.79370186              1.00496960
        186.000000              8.86010153              1.01584011
        188.000000              8.92442078              1.02548310
        190.000000              8.99006280              1.03854793
        192.000000              9.05526113              1.04799981
        194.000000              9.11919302              1.05756536
        196.000000              9.18483563              1.06677122
        198.000000              9.24860137              1.07648231
        200.000000              9.31466817              1.08551235
        202.000000              9.37988998              1.09702537
        204.000000              9.44277036              1.10624875
        206.000000              9.50892163              1.11865124
        208.000000              9.57196906              1.12902311
        210.000000              9.63911450              1.14096524
        212.000000              9.70081618              1.15308460
        214.000000              9.76617831              1.16231307
        216.000000              9.82830151              1.17554509
        218.000000              9.89303594              1.18783981
        220.000000              9.95891185              1.20047399
        222.000000             10.02167594              1.21116345
        224.000000             10.08408968              1.22736775
        226.000000             10.14774895              1.23900083
        228.000000             10.21118443              1.24921686
        230.000000             10.27502744              1.26245199
        232.000000             10.34064857              1.27324157
        234.000000             10.40466710              1.28924915
        236.000000             10.46735781              1.30086634
        238.000000             10.53035807              1.31154515
        240.000000             10.59385814              1.32389562
        242.000000             10.65371296              1.33651918
        244.000000             10.71980094              1.34695060
        246.000000             10.78168752              1.35955830
        248.000000             10.84380920              1.37188417
        250.000000             10.90860287              1.38515876
        252.000000             10.97164465              1.40099720
        254.000000             11.03435458              1.41245694
        256.000000             11.09865656              1.42474204
        258.000000             11.16362044              1.43863082
        260.000000             11.22557709              1.45288748
        262.000000             11.28530297              1.46557958
        264.000000             11.34970086              1.47892587
        266.000000             11.41505029              1.49056463
        268.000000             11.47802229              1.50162114
        270.000000             11.54000086              1.51537693
        272.000000             11.60499471              1.52853758
        274.000000             11.66889036              1.54176244
        276.000000             11.73321966              1.55458864
        278.000000             11.79613325              1.56753714
        280.000000             11.85896876              1.58193132
        282.000000             11.92293674              1.59393059
        284.000000             11.98758945              1.60615952
        286.000000             12.04834259              1.61999222
        288.000000             12.11199472              1.63307522
        290.000000             12.17656784              1.64600035
        292.000000             12.23760711              1.65876013
        294.000000             12.29823663              1.67110557
        296.000000             12.36268655              1.68429279
        298.000000             12.42237032              1.69635744
        300.000000             12.48726074              1.70935319
        302.000000             12.54595198              1.72317172
        304.000000             12.60593952              1.73660085
        306.000000             12.66614389              1.74769478
        308.000000             12.72642039              1.75801693
        310.000000             12.78998063              1.76766519
        312.000000             12.84877118              1.78131875
        314.000000             12.91050713              1.79018756
        316.000000             12.97162757              1.80091102
        318.000000             13.03474811              1.81225755
        320.000000             13.09828846              1.82710262
        322.000000             13.16002856              1.83971408
        324.000000             13.22240677              1.85254563
        326.000000             13.28323130              1.86379139
        328.000000             13.34416909              1.87556580
        330.000000             13.40628049              1.88815697
        332.000000             13.46761944              1.90044383
        334.000000             13.52942623              1.91168761
        336.000000             13.59121916              1.92196337
        338.000000             13.65125250              1.93369537
        340.000000             13.71260815              1.94257359
        342.000000             13.77424063              1.95654245
        344.000000             13.83676210              1.96766101
        346.000000             13.89708807              1.98135853
        348.000000             13.95893071              1.99320727
        350.000000             14.02071276              2.00483817
        352.000000             14.08392397              2.01359316
        354.000000             14.14497471              2.02683045
        356.000000             14.20586658              2.03847696
        358.000000             14.26724988              2.05079070
        360.000000             14.32811870              2.06086364
        362.000000             14.38971420              2.07194562
        364.000000             14.44961691              2.08394177
        366.000000             14.51304236              2.09475774
        368.000000             14.57170634              2.10488149
        370.000000             14.63350127              2.11598992
        372.000000             14.69215664              2.12762489
        374.000000             14.74995736              2.13969888
        376.000000             14.80783270              2.14866902
        378.000000             14.86734444              2.15943286
        380.000000             14.92662140              2.17290982
        382.000000             14.98548501              2.18455638
        384.000000             15.04352308              2.19352194
        386.000000             15.10262020              2.20339002
        388.000000             15.16054457              2.21271829
        390.000000             15.21891335              2.22544055
        392.000000             15.28282068              2.23874382
        394.000000             15.34148477              2.25189791
        396.000000             15.40333798              2.26199879
        398.000000             15.46362322              2.27121274
        400.000000             15.52381565              2.28435841
        402.000000             15.58158992              2.29418844
        404.000000             15.64550849              2.30351712
        406.000000             15.70425767              2.31634599
        408.000000             15.76431355              2.32585767
        410.000000             15.82400890              2.33528100
        412.000000             15.88102249              2.34626976
        414.000000             15.94083007              2.35788298
        416.000000             16.00193481              2.37239219
        418.000000             16.06029331              2.38248964
        420.000000             16.11993012              2.39951191
        422.000000             16.17963869              2.41087997
        424.000000             16.23893498              2.42319781
        426.000000             16.29727043              2.43864424
        428.000000             16.35375767              2.45402191
        430.000000             16.41415504              2.46679711
        432.000000             16.47282764              2.47950283
        434.000000             16.53094153              2.49095869
        436.000000             16.59008528              2.50375030
        438.000000             16.64784551              2.51463758
        440.000000             16.70815380              2.52819911
        442.000000             16.76530744              2.54083873
        444.000000             16.82360100              2.55242085
        446.000000             16.88384054              2.56408027
        448.000000             16.94187338              2.57763805
        450.000000             17.00072699              2.58992270
        452.000000             17.06133338              2.60203601
        454.000000             17.11839204              2.61569312
        456.000000             17.17725360              2.62887508
        458.000000             17.23490013              2.64055665
        460.000000             17.29299482              2.65146863
        462.000000             17.35225285              2.66411635
        464.000000             17.41190694              2.68162047
        466.000000             17.46931388              2.69456491
        468.000000             17.52893661              2.71059256
        470.000000             17.58647718              2.72382851
        472.000000             17.64634182              2.73596397
        474.000000             17.70661432              2.75241649
        476.000000             17.76379884              2.76443200
        478.000000             17.82514273              2.78063342
        480.000000             17.88244410              2.79276656
        482.000000             17.93736191              2.80529786
        484.000000             17.99537702              2.81978817
        486.000000             18.05766698              2.83680271
        488.000000             18.11528904              2.85295846
        490.000000             18.17476185              2.86807955
        492.000000             18.23252660              2.87999672
        494.000000             18.29155859              2.89472395
        496.000000             18.35018252              2.91012174
        498.000000             18.40619107              2.92428090
        500.000000             18.46369648              2.93896720
        502.000000             18.52442869              2.95410239
        504.000000             18.58169241              2.96819807
        506.000000             18.63829481              2.98487353
        508.000000             18.69657125              3.00145024
        510.000000             18.75777193              3.01572512
        512.000000             18.81780029              3.03062659
        514.000000             18.87742613              3.04567157
        516.000000             18.93811326              3.06317917
        518.000000             18.99947691              3.07610812
        520.000000             19.05621273              3.09196934
        522.000000             19.11511802              3.10873692
        524.000000             19.17521252              3.12475173
        526.000000             19.23709603              3.14060026
        528.000000             19.29606156              3.15503672
        530.000000             19.35372294              3.17014606
        532.000000             19.41452066              3.18391061
        534.000000             19.47012181              3.19833782
        536.000000             19.53142678              3.21145141
        538.000000             19.59359108              3.22575292
        540.000000             19.65248862              3.24147824
        542.000000             19.71435380              3.25411752
        544.000000             19.77654138              3.26329069
        546.000000             19.83657615              3.27738737
        548.000000             19.89920386              3.29175959
        550.000000             19.95959568              3.30695491
        552.000000             20.02035198              3.32261933
        554.000000             20.08146461              3.33570753
        556.000000             20.14293899              3.35233595
        558.000000             20.20535312              3.36754427
        560.000000             20.26888383              3.38046901
        562.000000             20.32725869              3.39890072
        564.000000             20.38559364              3.41585573
        566.000000             20.44814719              3.43017094
        568.000000             20.50816723              3.44626420
        570.000000             20.56757531              3.46081260
        572.000000             20.62694527              3.47593355
        574.000000             20.68887349              3.49321008
        576.000000             20.74970939              3.50755149
        578.000000             20.81220665              3.52143722
        580.000000             20.87073470              3.53805969
        582.000000             20.92707711              3.55034376
        584.000000             20.98553699              3.56318991
        586.000000             21.04935095              3.57933924
        588.000000             21.10650036              3.59428037
        590.000000             21.16470704              3.60983388
        592.000000             21.22518398              3.62424150
        594.000000             21.28248726              3.63824198
        596.000000             21.34376849              3.65253296
        598.000000             21.40737751              3.66821674
        600.000000             21.46876127              3.68154087
        602.000000             21.53334504              3.69895412
        604.000000             21.59504644              3.71305592
        606.000000             21.65896613              3.72864346
        608.000000             21.72014332              3.74128048
        610.000000             21.78489712              3.75374380
        612.000000             21.84312261              3.76686050
        614.000000             21.90199533              3.78066924
        616.000000             21.96215046              3.79098770
        618.000000             22.02237738              3.80092379
        620.000000             22.08357254              3.80904817
        622.000000             22.14418162              3.82144325
        624.000000             22.19813017              3.83392369
        626.000000             22.25921580              3.84724661
        628.000000             22.32041329              3.85688723
        630.000000             22.37730701              3.86971689
        632.000000             22.43897019              3.88340690
        634.000000             22.50205495              3.89672741
        636.000000             22.56067632              3.91245543
        638.000000             22.61978706              3.92794517
        640.000000             22.68135138              3.94266010
        642.000000             22.73911797              3.95689625
        644.000000             22.79833590              3.97054409
        646.000000             22.85900563              3.97872557
        648.000000             22.92020458              3.98612354
        650.000000             22.97876110              4.00043528
        652.000000             23.04204289              4.01541007
        654.000000             23.09939987              4.02748411
        656.000000             23.16001775              4.04572364
        658.000000             23.22036721              4.05490627
        660.000000             23.28051821              4.06594838
        662.000000             23.34147240              4.08171860
        664.000000             23.39773609              4.09359830
        666.000000             23.45876153              4.10743384
        668.000000             23.52210902              4.12092345
        670.000000             23.58106362              4.13640094
        672.000000             23.64142796              4.14720369
        674.000000             23.70376094              4.16474009
        676.000000             23.76103312              4.17651958
        678.000000             23.81696963              4.18909104
        680.000000             23.87678043              4.20093667
        682.000000             23.93494031              4.21660467
        684.000000             23.99546021              4.22818960
        686.000000             24.05649391              4.24175546
        688.000000             24.11689591              4.25551590
        690.000000             24.17805479              4.26768223
        692.000000             24.23799125              4.27463640
        694.000000             24.29569855              4.28425939
        696.000000             24.35716588              4.29415532
        698.000000             24.41781660              4.30521862
        700.000000             24.47830097              4.31836369
        702.000000             24.53785876              4.33025627
        704.000000             24.59673547              4.34213307
        706.000000             24.65572192              4.35036170
        708.000000             24.71210851              4.36257641
        710.000000             24.76961259              4.37272021
        712.000000             24.82444549              4.38331959
        714.000000             24.88121169              4.39513378
        716.000000             24.93832529              4.40972111
        718.000000             24.99435287              4.42668603
        720.000000             25.05013459              4.44234077
        722.000000             25.10761166              4.45290137
        724.000000             25.16830653              4.46505370
        726.000000             25.22029894              4.47136856
        728.000000             25.27278423              4.47619361
        730.000000             25.32857169              4.48036280
        732.000000             25.37992430              4.48936621
        734.000000             25.43593729              4.49770796
        736.000000             25.48996656              4.50354736
        738.000000             25.54687211              4.50710277
        740.000000             25.60433190              4.51671254
        742.000000             25.66520093              4.52334655
        744.000000             25.72285201              4.53380461
        746.000000             25.77541760              4.54216358
        748.000000             25.83311576              4.54626821
        750.000000             25.88755623              4.55153215
        752.000000             25.94326247              4.55913064
        754.000000             25.99620071              4.56821903
        756.000000             26.05517830              4.57053078
        758.000000             26.11229250              4.57769586
        760.000000             26.16715263              4.58159294
        762.000000             26.22190487              4.58673908
        764.000000             26.27494799              4.59026760
        766.000000             26.32634467              4.58946314
        768.000000             26.37775911              4.59407455
        770.000000             26.43046198              4.59999333
        772.000000             26.47885741              4.60109485
        774.000000             26.52852270              4.60287148
        776.000000             26.57818527              4.60552065
        778.000000             26.63353325              4.60239174
        780.000000             26.68738046              4.61307055
        782.000000             26.73872826              4.61877050
        784.000000             26.79011819              4.62346672
        786.000000             26.84237550              4.62669356
        788.000000             26.89731408              4.63180494
        790.000000             26.94636719              4.63929592
        792.000000             27.00435402              4.64583564
        794.000000             27.05465672              4.65424301
        796.000000             27.11067852              4.65456162
        798.000000             27.16415303              4.66031740
        800.000000             27.21440069              4.66883221
        802.000000             27.27115254              4.67822688
        804.000000             27.32225888              4.68205259
        806.000000             27.37756432              4.68926691
        808.000000             27.42901057              4.69482901
        810.000000             27.48138202              4.70375633
        812.000000             27.53627966              4.71011315
        814.000000             27.59036166              4.71756947
        816.000000             27.64900218              4.72175168
        818.000000             27.70667135              4.72460043
        820.000000             27.76471262              4.72893635
        822.000000             27.81850754              4.72465300
        824.000000             27.87247562              4.71817997
        826.000000             27.92841404              4.71990615
        828.000000             27.99325550              4.72208456
        830.000000             28.05275399              4.72316186
        832.000000             28.11652967              4.73066488
        834.000000             28.17095027              4.73079304
        836.000000             28.22803332              4.73680847
        838.000000             28.28716615              4.74150928
        840.000000             28.34967514              4.74175520
        842.000000             28.40928276              4.75066698
        844.000000             28.47367946              4.76349082
        846.000000             28.53273380              4.76781766
        848.000000             28.59223582              4.77705646
        850.000000             28.65477596              4.79068996
        852.000000             28.72177152              4.79922812
        854.000000             28.78503640              4.81021670
        856.000000             28.84897309              4.81254783
        858.000000             28.91093379              4.82177976
        860.000000             28.97966463              4.83263212
        862.000000             29.04046616              4.84353935
        864.000000             29.10537031              4.84990871
        866.000000             29.17083032              4.86378904
        868.000000             29.23172881              4.86687617
        870.000000             29.29099676              4.87237034
        872.000000             29.35684544              4.88732541
        874.000000             29.42285603              4.89236951
        876.000000             29.48758481              4.90457186
        878.000000             29.54602520              4.90283230
        880.000000             29.61287616              4.90616330
        882.000000             29.67176087              4.91897738
        884.000000             29.72944228              4.91250667
        886.000000             29.79121137              4.91672902
        888.000000             29.85699457              4.92270306
        890.000000             29.91318992              4.92796778
        892.000000             29.97083556              4.93050935
        894.000000             30.02723358              4.93158807
        896.000000             30.08603726              4.93636610
        898.000000             30.14651836              4.94270044
        900.000000             30.20490760              4.94521202
        902.000000             30.26493532              4.95349811
        904.000000             30.32844982              4.94636818
        906.000000             30.38539287              4.95425136
        908.000000             30.43565352              4.95695649
        910.000000             30.48289185              4.95175982
        912.000000             30.53541785              4.95283659
        914.000000             30.58966279              4.95798975
        916.000000             30.65242304              4.96584291
        918.000000             30.70374670              4.97386715
        920.000000             30.76046322              4.96738423
        922.000000             30.81476065              4.96467961
        924.000000             30.87801506              4.96806717
        926.000000             30.94545133              4.96305126
        928.000000             31.00841646              4.97633728
        930.000000             31.07862172              4.97808337
        932.000000             31.14303433              4.99394749
        934.000000             31.20257124              5.00166193
        936.000000             31.25703249              5.00899883
        938.000000             31.33103166              5.02286057
        940.000000             31.39257177              5.04636914
        942.000000             31.43530450              5.05496582
        944.000000             31.49125977              5.07209643
        946.000000             31.54635200              5.08568967
        948.000000             31.59097057              5.09864709
        950.000000             31.64485741              5.10717782
        952.000000             31.71106115              5.10229371
        954.000000             31.77554031              5.09375577
        956.000000             31.83487121              5.10096307
        958.000000             31.90129811              5.11462280
        960.000000             31.95395807              5.11846833
        962.000000             32.01706498              5.11294176
        964.000000             32.06099413              5.12430703
        966.000000             32.10781473              5.12818916
        968.000000             32.17459804              5.16396188
        970.000000             32.25539705              5.18451876
        972.000000             32.31636259              5.19590433
        974.000000             32.41408986              5.21298248
        976.000000             32.48805175              5.23437930
        978.000000             32.55994055              5.23991906
        980.000000             32.65666856              5.26273540
        982.000000             32.74054486              5.29338877
        984.000000             32.82400584              5.35694278
        986.000000             32.88567589              5.43591679
        988.000000             32.97840494              5.47569997
        990.000000             33.04876045              5.52730692
        992.000000             33.11383296              5.59785168
        994.000000             33.21878140              5.70516195
        996.000000             33.13324666              5.71101965
        998.000000             33.13920605              5.83345598
