       # Time (ps)   MSD_mean (Angstrom^2)    MSD_std (Angstrom^2)
          2.000000              0.36989603              0.00466741
          4.000000              0.37552050              0.00370130
          6.000000              0.38061571              0.00422721
          8.000000              0.39952567              0.00533203
         10.000000              0.41526280              0.00601617
         12.000000              0.42090557              0.00603221
         14.000000              0.42949095              0.00774709
         16.000000              0.43993590              0.00648978
         18.000000              0.44622643              0.00735773
         20.000000              0.45246151              0.00934235
         22.000000              0.45941605              0.00928778
         24.000000              0.46603765              0.01075305
         26.000000              0.47215936              0.01144305
         28.000000              0.47797686              0.01318187
         30.000000              0.48311141              0.01302784
         32.000000              0.48981746              0.01358407
         34.000000              0.49397278              0.01462704
         36.000000              0.49845938              0.01458621
         38.000000              0.50250822              0.01528170
         40.000000              0.50795071              0.01570691
         42.000000              0.51313861              0.01611016
         44.000000              0.51733007              0.01699700
         46.000000              0.52187516              0.01767562
         48.000000              0.52601545              0.01865098
         50.000000              0.53048554              0.01956808
         52.000000              0.53413819              0.01987416
         54.000000              0.53857604              0.02069677
         56.000000              0.54169001              0.02115463
         58.000000              0.54641805              0.02275484
         60.000000              0.54982713              0.02211923
         62.000000              0.55433452              0.02277063
         64.000000              0.55815002              0.02377867
         66.000000              0.56170742              0.02475723
         68.000000              0.56497430              0.02475456
         70.000000              0.56815456              0.02473890
         72.000000              0.57194325              0.02518325
         74.000000              0.57518345              0.02756412
         76.000000              0.57877356              0.02770101
         78.000000              0.58185435              0.02742022
         80.000000              0.58570882              0.02840173
         82.000000              0.58841939              0.02892201
         84.000000              0.59195288              0.02965009
         86.000000              0.59474759              0.03022109
         88.000000              0.59855076              0.03000471
         90.000000              0.60127540              0.03043162
         92.000000              0.60501002              0.03027522
         94.000000              0.60808480              0.03114462
         96.000000              0.61127692              0.03170498
         98.000000              0.61414525              0.03239910
        100.000000              0.61684998              0.03288734
        102.000000              0.61941398              0.03363539
        104.000000              0.62338540              0.03522115
        106.000000              0.62698988              0.03493829
        108.000000              0.62839409              0.03641686
        110.000000              0.63142017              0.03612925
        112.000000              0.63472828              0.03742285
        114.000000              0.63689922              0.03721489
        116.000000              0.63925691              0.03871202
        118.000000              0.64308523              0.03857340
        120.000000              0.64550311              0.03993320
        122.000000              0.64801968              0.04080189
        124.000000              0.65015144              0.04046809
        126.000000              0.65191619              0.04111381
        128.000000              0.65493368              0.04217250
        130.000000              0.65719205              0.04244843
        132.000000              0.66042153              0.04307024
        134.000000              0.66274528              0.04372179
        136.000000              0.66539134              0.04460179
        138.000000              0.66826635              0.04463911
        140.000000              0.67081844              0.04494007
        142.000000              0.67296252              0.04550765
        144.000000              0.67590520              0.04587236
        146.000000              0.67874022              0.04643724
        148.000000              0.68137390              0.04740022
        150.000000              0.68487104              0.04743806
        152.000000              0.68701434              0.04801844
        154.000000              0.69007354              0.04872548
        156.000000              0.69211896              0.04939135
        158.000000              0.69526593              0.04964535
        160.000000              0.69759775              0.05028558
        162.000000              0.70033106              0.05121661
        164.000000              0.70266982              0.05089318
        166.000000              0.70544215              0.05222756
        168.000000              0.70732232              0.05276938
        170.000000              0.71023303              0.05190116
        172.000000              0.71218331              0.05410419
        174.000000              0.71343348              0.05463823
        176.000000              0.71695014              0.05421900
        178.000000              0.71999747              0.05520067
        180.000000              0.72143120              0.05562818
        182.000000              0.72389766              0.05617222
        184.000000              0.72631191              0.05510597
        186.000000              0.72887687              0.05696919
        188.000000              0.73099391              0.05758787
        190.000000              0.73281195              0.05701952
        192.000000              0.73634137              0.05698123
        194.000000              0.73860218              0.05807974
        196.000000              0.74105584              0.05971222
        198.000000              0.74329504              0.05912116
        200.000000              0.74633255              0.05943493
        202.000000              0.74838139              0.06118013
        204.000000              0.75133680              0.06011998
        206.000000              0.75421452              0.06002572
        208.000000              0.75629962              0.06238448
        210.000000              0.75892454              0.06192885
        212.000000              0.76130212              0.06142072
        214.000000              0.76391953              0.06230747
        216.000000              0.76647941              0.06161483
        218.000000              0.76808472              0.06338715
        220.000000              0.77082679              0.06235632
        222.000000              0.77311123              0.06467958
        224.000000              0.77391083              0.06391454
        226.000000              0.77714951              0.06382565
        228.000000              0.77935010              0.06458174
        230.000000              0.78041463              0.06557473
        232.000000              0.78352946              0.06491245
        234.000000              0.78567311              0.06552820
        236.000000              0.78757888              0.06733963
        238.000000              0.79011888              0.06708972
        240.000000              0.79301578              0.06769515
        242.000000              0.79432591              0.06869904
        244.000000              0.79751868              0.06758369
        246.000000              0.80000729              0.06950902
        248.000000              0.80125674              0.06924660
        250.000000              0.80434140              0.07023441
        252.000000              0.80558942              0.07021339
        254.000000              0.80859228              0.07036646
        256.000000              0.81084994              0.07211988
        258.000000              0.81307011              0.07049230
        260.000000              0.81563883              0.07257305
        262.000000              0.81742649              0.07195585
        264.000000              0.82032614              0.07218863
        266.000000              0.82240060              0.07215890
        268.000000              0.82402826              0.07275209
        270.000000              0.82653638              0.07332676
        272.000000              0.82853666              0.07332663
        274.000000              0.83131448              0.07360761
        276.000000              0.83436079              0.07402460
        278.000000              0.83590626              0.07501984
        280.000000              0.83739293              0.07390088
        282.000000              0.84031259              0.07540209
        284.000000              0.84364487              0.07555027
        286.000000              0.84497501              0.07674280
        288.000000              0.84878113              0.07609375
        290.000000              0.85072023              0.07531849
        292.000000              0.85251589              0.07677261
        294.000000              0.85563172              0.07837199
        296.000000              0.85869593              0.07676311
        298.000000              0.85847675              0.07871704
        300.000000              0.86259823              0.07898802
        302.000000              0.86376571              0.07941351
        304.000000              0.86499245              0.07931913
        306.000000              0.86724834              0.07914746
        308.000000              0.87046867              0.08005437
        310.000000              0.87499409              0.07912570
        312.000000              0.87467627              0.07974370
        314.000000              0.87669757              0.08037587
        316.000000              0.87965744              0.08138302
        318.000000              0.88096284              0.08164176
        320.000000              0.88368712              0.08131758
        322.000000              0.88573041              0.08251062
        324.000000              0.88888820              0.08285784
        326.000000              0.89060842              0.08426982
        328.000000              0.89262000              0.08426656
        330.000000              0.89486219              0.08423148
        332.000000              0.89798739              0.08564868
        334.000000              0.89871768              0.08509187
        336.000000              0.90187394              0.08616165
        338.000000              0.90397516              0.08613000
        340.000000              0.90582603              0.08707725
        342.000000              0.90843771              0.08795165
        344.000000              0.91148460              0.08811293
        346.000000              0.91303130              0.08813453
        348.000000              0.91434052              0.08900861
        350.000000              0.91684714              0.08965418
        352.000000              0.91992736              0.09196623
        354.000000              0.92153077              0.09171934
        356.000000              0.92399216              0.09329067
        358.000000              0.92645172              0.09274910
        360.000000              0.92814268              0.09314298
        362.000000              0.93048601              0.09474204
        364.000000              0.93208864              0.09508827
        366.000000              0.93460227              0.09566247
        368.000000              0.93544902              0.09629755
        370.000000              0.93940646              0.09651450
        372.000000              0.94045187              0.09815578
        374.000000              0.94237249              0.09865899
        376.000000              0.94445302              0.09899919
        378.000000              0.94642151              0.09846009
        380.000000              0.94843037              0.09853598
        382.000000              0.95029772              0.09895429
        384.000000              0.95175315              0.10022954
        386.000000              0.95511704              0.10018373
        388.000000              0.95639504              0.10142572
        390.000000              0.95858865              0.10199857
        392.000000              0.96281546              0.10068706
        394.000000              0.96285211              0.10240944
        396.000000              0.96564746              0.10428733
        398.000000              0.96898560              0.10382365
        400.000000              0.97027342              0.10340494
        402.000000              0.97271636              0.10485558
        404.000000              0.97514691              0.10582046
        406.000000              0.97604429              0.10552620
        408.000000              0.97879542              0.10833980
        410.000000              0.98199741              0.10787710
        412.000000              0.98271567              0.10888646
        414.000000              0.98454597              0.10930342
        416.000000              0.98792806              0.10980857
        418.000000              0.98938676              0.11033230
        420.000000              0.99136981              0.11134141
        422.000000              0.99376239              0.11340644
        424.000000              0.99590805              0.11262832
        426.000000              0.99800117              0.11318016
        428.000000              0.99909522              0.11452301
        430.000000              1.00163921              0.11545568
        432.000000              1.00413699              0.11514485
        434.000000              1.00571705              0.11595742
        436.000000              1.00873447              0.11744042
        438.000000              1.01122407              0.11753481
        440.000000              1.01317602              0.11985377
        442.000000              1.01409313              0.11963573
        444.000000              1.01793425              0.12089509
        446.000000              1.02069423              0.12028411
        448.000000              1.02085303              0.12066879
        450.000000              1.02339033              0.12235169
        452.000000              1.02605716              0.12203068
        454.000000              1.02685778              0.12186435
        456.000000              1.02918804              0.12271118
        458.000000              1.03106849              0.12239130
        460.000000              1.03407458              0.12387456
        462.000000              1.03618375              0.12374365
        464.000000              1.03764656              0.12345188
        466.000000              1.03957415              0.12381110
        468.000000              1.04193801              0.12440498
        470.000000              1.04362445              0.12442518
        472.000000              1.04603900              0.12415933
        474.000000              1.04833219              0.12566541
        476.000000              1.05002007              0.12549699
        478.000000              1.05287564              0.12678671
        480.000000              1.05442104              0.12613138
        482.000000              1.05641137              0.12841702
        484.000000              1.05877347              0.12802594
        486.000000              1.06086635              0.12807120
        488.000000              1.06256138              0.12755868
        490.000000              1.06498313              0.12867695
        492.000000              1.06575719              0.13037586
        494.000000              1.06814825              0.13077172
        496.000000              1.06977339              0.13024432
        498.000000              1.07082520              0.13146219
        500.000000              1.07236530              0.13138522
        502.000000              1.07447202              0.13149973
        504.000000              1.07820910              0.13308695
        506.000000              1.07872691              0.13324050
        508.000000              1.07992164              0.13290834
        510.000000              1.08311485              0.13470596
        512.000000              1.08488425              0.13493803
        514.000000              1.08576481              0.13423123
        516.000000              1.08777497              0.13539384
        518.000000              1.09032100              0.13661735
        520.000000              1.09206486              0.13621069
        522.000000              1.09308571              0.13600656
        524.000000              1.09686809              0.13768040
        526.000000              1.09890923              0.13623394
        528.000000              1.09968995              0.13794227
        530.000000              1.10281177              0.13843158
        532.000000              1.10578946              0.13807895
        534.000000              1.10651802              0.13727363
        536.000000              1.10883556              0.13973137
        538.000000              1.11073901              0.13890404
        540.000000              1.11174971              0.13971137
        542.000000              1.11395532              0.13944776
        544.000000              1.11627299              0.14061305
        546.000000              1.11781207              0.13993158
        548.000000              1.11992124              0.14206378
        550.000000              1.12072257              0.14234902
        552.000000              1.12347701              0.14409878
        554.000000              1.12634630              0.14402355
        556.000000              1.12718835              0.14569374
        558.000000              1.12864269              0.14620285
        560.000000              1.13155618              0.14686743
        562.000000              1.13264352              0.14782420
        564.000000              1.13310757              0.14781501
        566.000000              1.13715688              0.14869256
        568.000000              1.13838678              0.14926706
        570.000000              1.13947287              0.15015872
        572.000000              1.14097893              0.14924215
        574.000000              1.14394538              0.15199137
        576.000000              1.14399630              0.15186043
        578.000000              1.14559554              0.15199795
        580.000000              1.14889413              0.15151494
        582.000000              1.14944779              0.15196957
        584.000000              1.15057913              0.15254215
        586.000000              1.15346291              0.15267505
        588.000000              1.15458502              0.15301886
        590.000000              1.15638647              0.15230102
        592.000000              1.15895279              0.15323727
        594.000000              1.15990572              0.15221923
        596.000000              1.16143962              0.15324430
        598.000000              1.16403558              0.15292368
        600.000000              1.16533522              0.15271223
        602.000000              1.16814802              0.15338753
        604.000000              1.16876676              0.15434110
        606.000000              1.17185144              0.15443830
        608.000000              1.17264668              0.15480671
        610.000000              1.17408926              0.15477617
        612.000000              1.17681850              0.15583244
        614.000000              1.17811843              0.15587134
        616.000000              1.17942553              0.15534751
        618.000000              1.18083668              0.15696429
        620.000000              1.18364932              0.15571312
        622.000000              1.18417980              0.15560269
        624.000000              1.18447806              0.15678877
        626.000000              1.18675266              0.15444434
        628.000000              1.18998414              0.15674953
        630.000000              1.18979233              0.15597758
        632.000000              1.19329432              0.15487097
        634.000000              1.19400066              0.15472007
        636.000000              1.19435032              0.15580074
        638.000000              1.19688725              0.15543023
        640.000000              1.19952603              0.15517059
        642.000000              1.19875601              0.15480545
        644.000000              1.20180587              0.15593513
        646.000000              1.20455402              0.15656082
        648.000000              1.20540464              0.15687861
        650.000000              1.20684208              0.15584764
        652.000000              1.20805602              0.15498560
        654.000000              1.21098828              0.15570503
        656.000000              1.21233943              0.15644434
        658.000000              1.21491467              0.15647020
        660.000000              1.21718955              0.15559274
        662.000000              1.21902506              0.15552747
        664.000000              1.22128491              0.15578995
        666.000000              1.22254145              0.15574157
        668.000000              1.22499385              0.15670499
        670.000000              1.22646801              0.15448187
        672.000000              1.22844838              0.15635896
        674.000000              1.23084473              0.15470231
        676.000000              1.23196168              0.15404070
        678.000000              1.23377714              0.15489250
        680.000000              1.23720056              0.15479611
        682.000000              1.23737536              0.15534425
        684.000000              1.24036302              0.15468606
        686.000000              1.24457641              0.15471647
        688.000000              1.24464587              0.15665149
        690.000000              1.24647456              0.15607970
        692.000000              1.24952267              0.15589430
        694.000000              1.24831560              0.15692376
        696.000000              1.25169214              0.15614156
        698.000000              1.25389616              0.15440034
        700.000000              1.25475702              0.15810193
        702.000000              1.25505795              0.15664880
        704.000000              1.25793506              0.15419540
        706.000000              1.25983239              0.15692122
        708.000000              1.26180370              0.15655069
        710.000000              1.26518862              0.15589428
        712.000000              1.26455687              0.15639659
        714.000000              1.26792187              0.15653016
        716.000000              1.27060053              0.15589947
        718.000000              1.27224579              0.15336348
        720.000000              1.27339026              0.15554295
        722.000000              1.27429905              0.15657921
        724.000000              1.27824535              0.15359930
        726.000000              1.27868422              0.15365935
        728.000000              1.27939241              0.15462648
        730.000000              1.28280150              0.15533225
        732.000000              1.28350972              0.15385197
        734.000000              1.28599704              0.15327322
        736.000000              1.28735163              0.15707234
        738.000000              1.29090033              0.15575534
        740.000000              1.29032243              0.15613743
        742.000000              1.29346054              0.15563400
        744.000000              1.29613144              0.15580197
        746.000000              1.29619507              0.15587629
        748.000000              1.29827059              0.15599330
        750.000000              1.29975866              0.15616192
        752.000000              1.30156438              0.15704431
        754.000000              1.30385940              0.15850880
        756.000000              1.30660634              0.15834653
        758.000000              1.30752294              0.15928835
        760.000000              1.31016237              0.15990074
        762.000000              1.31175050              0.15809896
        764.000000              1.31592632              0.15882345
        766.000000              1.31511475              0.16096971
        768.000000              1.31631136              0.15892533
        770.000000              1.31822934              0.15953219
        772.000000              1.32033760              0.15800066
        774.000000              1.32062290              0.15784338
        776.000000              1.32244151              0.15889591
        778.000000              1.32528041              0.15761183
        780.000000              1.32656278              0.15910806
        782.000000              1.32763447              0.15910532
        784.000000              1.32819962              0.15862553
        786.000000              1.32911706              0.15707712
        788.000000              1.33155208              0.15856037
        790.000000              1.33246798              0.15788157
        792.000000              1.33399542              0.15808313
        794.000000              1.33573212              0.15627497
        796.000000              1.33795467              0.16026768
        798.000000              1.33967964              0.15879073
        800.000000              1.34099357              0.15704886
        802.000000              1.34479182              0.16050613
        804.000000              1.34590073              0.15918049
        806.000000              1.34826277              0.15931680
        808.000000              1.35154323              0.15648491
        810.000000              1.35299534              0.15650227
        812.000000              1.35476116              0.15737063
        814.000000              1.35610167              0.15439954
        816.000000              1.35725381              0.15834717
        818.000000              1.35864188              0.15825283
        820.000000              1.36134982              0.15989586
        822.000000              1.36077695              0.16090794
        824.000000              1.36207573              0.16260446
        826.000000              1.36291977              0.15988705
        828.000000              1.36400941              0.16268948
        830.000000              1.36614140              0.16355398
        832.000000              1.36906814              0.16177550
        834.000000              1.36676868              0.16435096
        836.000000              1.36804088              0.16464128
        838.000000              1.37374321              0.16381805
        840.000000              1.37102387              0.16533215
        842.000000              1.37123795              0.16415051
        844.000000              1.37441909              0.16558863
        846.000000              1.37692603              0.16583638
        848.000000              1.37447798              0.16488286
        850.000000              1.37890725              0.16844590
        852.000000              1.38056920              0.16838956
        854.000000              1.38186007              0.16656732
        856.000000              1.38247431              0.17153853
        858.000000              1.38274297              0.16971510
        860.000000              1.38641740              0.17171691
        862.000000              1.38482761              0.17094529
        864.000000              1.38674708              0.17749921
        866.000000              1.38722027              0.17559436
        868.000000              1.39056428              0.17929330
        870.000000              1.38895358              0.18003836
        872.000000              1.39162775              0.18042960
        874.000000              1.39496437              0.18558628
        876.000000              1.39302104              0.18031703
        878.000000              1.39705935              0.18276870
        880.000000              1.39963838              0.18468018
        882.000000              1.39819257              0.18326893
        884.000000              1.40036611              0.18458663
        886.000000              1.40649189              0.18791483
        888.000000              1.40714544              0.19002642
        890.000000              1.40704112              0.18904124
        892.000000              1.41023501              0.18994889
        894.000000              1.41221293              0.19106727
        896.000000              1.41219316              0.19438522
        898.000000              1.41458421              0.19338996
        900.000000              1.41448787              0.19691641
        902.000000              1.41646502              0.19917814
        904.000000              1.41672089              0.20131084
        906.000000              1.42091853              0.20210579
        908.000000              1.42055657              0.20559424
        910.000000              1.41862332              0.20588452
        912.000000              1.42176793              0.20900053
        914.000000              1.42133609              0.20891801
        916.000000              1.42896937              0.21124383
        918.000000              1.43387334              0.21374658
        920.000000              1.43137889              0.21931022
        922.000000              1.43827816              0.22131409
        924.000000              1.44155384              0.21764111
        926.000000              1.44189943              0.22392156
        928.000000              1.44662108              0.22525738
        930.000000              1.45154661              0.22609405
        932.000000              1.45429540              0.23129009
        934.000000              1.45976153              0.23319720
        936.000000              1.46427266              0.23557729
        938.000000              1.47511912              0.23880708
        940.000000              1.47128246              0.23688643
        942.000000              1.47567061              0.24176884
        944.000000              1.47953822              0.24265741
        946.000000              1.47965817              0.24441417
        948.000000              1.48349161              0.24745481
        950.000000              1.48711269              0.24075880
        952.000000              1.49067892              0.24666322
        954.000000              1.49657653              0.24782712
        956.000000              1.49871673              0.23829876
        958.000000              1.50433150              0.23998579
        960.000000              1.50617771              0.23596834
        962.000000              1.51211674              0.23437915
        964.000000              1.51363186              0.23113614
        966.000000              1.52138206              0.22462163
        968.000000              1.51692652              0.23065386
        970.000000              1.52522136              0.21876815
        972.000000              1.52631231              0.21424302
        974.000000              1.53508455              0.21558495
        976.000000              1.53766938              0.22190690
        978.000000              1.53327948              0.21340571
        980.000000              1.54076157              0.20731900
        982.000000              1.54133542              0.20873928
        984.000000              1.54048625              0.20896441
        986.000000              1.54746093              0.19459134
        988.000000              1.55164253              0.20399783
        990.000000              1.54218828              0.19216733
        992.000000              1.54829351              0.18104028
        994.000000              1.55173105              0.18655472
        996.000000              1.56611228              0.22001046
        998.000000              1.55182821              0.21759266
