# Ensemble Average Results:
#      Step      Time(ps)      <Temp>      Temp_std         <P>         P_std        <PE>        PE_std        <KE>        KE_std       <Etot>      Etot_std       <Vol>       Vol_std     <Density>   Density_std
    450000.0        900.0    1200.334000       8.067291    6489.938260     672.804783  -20889.279297      22.369630     621.240705       4.174471  -20268.038592      20.146015  116071.444000       0.001953       2.960142       0.000000
    451000.0        902.0    1153.010000      12.286458    6310.190420     410.669061  -20914.107812      12.391537     596.748754       6.358445  -20317.359058      17.247983  116071.444000       0.001953       2.960142       0.000000
    452000.0        904.0    1145.070000      18.721906    6239.683300     567.409902  -20918.345703       6.113696     592.637897       9.688232  -20325.707806      14.880585  116071.444000       0.001953       2.960142       0.000000
    453000.0        906.0    1158.212000      12.060399    5726.005660     519.237511  -20918.810937      16.856303     599.439816       6.241899  -20319.371122      13.242895  116071.444000       0.001953       2.960142       0.000000
    454000.0        908.0    1154.762000      16.646940    6328.766700    1072.285164  -20915.118359      17.817777     597.654144       8.616048  -20317.464216      16.662694  116071.444000       0.001953       2.960142       0.000000
    455000.0        910.0    1143.524000      13.929403    5661.088180     662.372660  -20921.339453      18.410596     591.838040       7.210200  -20329.501413      12.021462  116071.444000       0.001953       2.960142       0.000000
    456000.0        912.0    1103.188000       9.662247    6260.363960     929.201312  -20944.172656      13.471929     570.962309       5.001881  -20373.210347      13.886020  116071.444000       0.001953       2.960142       0.000000
    457000.0        914.0    1090.196000      15.389174    6471.349780     447.721052  -20950.846875      18.354624     564.239031       7.964121  -20386.607844      13.361335  116071.444000       0.001953       2.960142       0.000000
    458000.0        916.0    1095.766000      13.117975    6279.707920     893.587194  -20951.083594      14.624870     567.121080       6.788176  -20383.962514      10.903405  116071.444000       0.001953       2.960142       0.000000
    459000.0        918.0    1097.554000       9.002841    5853.187120     680.893443  -20953.680469      14.818588     568.045689       4.660153  -20385.634780      12.922836  116071.444000       0.001953       2.960142       0.000000
    460000.0        920.0    1109.238000      19.298765    5417.818720     543.972263  -20948.662109      17.114552     574.093878       9.988837  -20374.568231      15.403970  116071.444000       0.001953       2.960142       0.000000
    461000.0        922.0    1040.918000      12.607457    5476.147080     742.851513  -20978.665625      14.816190     538.734148       6.525145  -20439.931477      15.655950  116071.444000       0.001953       2.960142       0.000000
    462000.0        924.0    1042.428000       8.526001    6346.743360     635.569003  -20976.437890      19.750274     539.514695       4.412295  -20436.923195      17.639315  116071.444000       0.001953       2.960142       0.000000
    463000.0        926.0    1052.788000      12.340605    5676.864760     662.372972  -20979.793750      15.103700     544.878148       6.386960  -20434.915602      16.427743  116071.444000       0.001953       2.960142       0.000000
    464000.0        928.0    1051.014000      12.535691    5764.177860     694.630024  -20983.571875      13.366262     543.959391       6.487685  -20439.612484      12.361473  116071.444000       0.001953       2.960142       0.000000
    465000.0        930.0    1059.752000       9.696184    5489.924520    1022.908249  -20986.326172      15.859653     548.482282       5.018351  -20437.843890      13.537363  116071.444000       0.001953       2.960142       0.000000
    466000.0        932.0     999.094000       4.906786    5749.147460     544.182764  -21012.283984      14.005159     517.088153       2.540326  -20495.195831      13.690677  116071.444000       0.001953       2.960142       0.000000
    467000.0        934.0    1011.796000      10.434670    5654.035440     403.469399  -21017.279297       9.709611     523.662106       5.401709  -20493.617191      14.762720  116071.444000       0.001953       2.960142       0.000000
    468000.0        936.0    1000.918000       8.838451    5264.074020     576.657034  -21013.966016      13.692736     518.032063       4.574463  -20495.933953      17.348882  116071.444000       0.001953       2.960142       0.000000
    469000.0        938.0    1002.042000      17.276470    5374.389440     637.964270  -21010.973828      10.373982     518.613302       8.942486  -20492.360526      18.101212  116071.444000       0.001953       2.960142       0.000000
    470000.0        940.0     997.688000      12.238424    6223.536320    1247.492337  -21015.772656      13.511160     516.360621       6.334694  -20499.412035      16.165604  116071.444000       0.001953       2.960142       0.000000
    471000.0        942.0     948.364000      15.860752    5412.147360     402.234290  -21041.449609      12.004445     490.834150       8.208788  -20550.615459      17.825994  116071.444000       0.001953       2.960142       0.000000
    472000.0        944.0     949.434000       3.296656    5755.239540     749.560979  -21042.635547      10.321524     491.385028       1.706972  -20551.250519      10.931403  116071.444000       0.001953       2.960142       0.000000
    473000.0        946.0     953.510000       8.644906    5123.287800     387.444951  -21047.365235      10.433911     493.496279       4.473763  -20553.868955      12.784955  116071.444000       0.001953       2.960142       0.000000
    474000.0        948.0     944.046000       7.319895    4903.003820     229.716729  -21046.356250      15.439721     488.596941       3.789056  -20557.759309      13.177210  116071.444000       0.001953       2.960142       0.000000
    475000.0        950.0     950.454000       5.900382    5337.977260     462.041715  -21051.204687      11.315170     491.914385       3.054524  -20559.290303      10.674367  116071.444000       0.001953       2.960142       0.000000
    476000.0        952.0     898.000000       9.937845    4789.332200     935.925938  -21071.741406       9.750094     464.765312       5.144537  -20606.976094       9.355930  116071.444000       0.001953       2.960142       0.000000
    477000.0        954.0     895.452000      10.857549    4889.858000     708.652044  -21076.557031       9.797910     463.448352       5.619121  -20613.108680      10.656087  116071.444000       0.001953       2.960142       0.000000
    478000.0        956.0     888.374000       8.311480    4863.267880     343.745575  -21077.903125      11.039197     459.784404       4.300131  -20618.118721      12.900207  116071.444000       0.001953       2.960142       0.000000
    479000.0        958.0     900.446000      13.455085    4822.997440     550.647302  -21081.097266      15.332018     466.032127       6.964520  -20615.065139      17.777373  116071.444000       0.001953       2.960142       0.000000
    480000.0        960.0     888.130000       7.985023    4923.152440     632.506044  -21082.935156      12.809532     459.657061       4.132811  -20623.278095      15.319414  116071.444000       0.001953       2.960142       0.000000
    481000.0        962.0     849.808000      11.953842    4562.561760     516.909036  -21106.633984      10.075897     439.823081       6.185090  -20666.810903      10.734036  116071.444000       0.001953       2.960142       0.000000
    482000.0        964.0     854.584000       4.255484    4208.906260     709.528752  -21112.521875      14.804771     442.296966       2.202237  -20670.224909      15.340126  116071.444000       0.001953       2.960142       0.000000
    483000.0        966.0     845.548000      15.987551    4737.291460     521.626569  -21111.335156      12.100946     437.619204       8.274078  -20673.715952      15.111398  116071.444000       0.001953       2.960142       0.000000
    484000.0        968.0     857.892000       8.016559    4777.301400     716.211828  -21109.051172      12.847429     444.006851       4.148871  -20665.044320      15.161232  116071.444000       0.001953       2.960142       0.000000
    485000.0        970.0     855.588000      17.064533    4574.656260     309.951064  -21112.583984      13.680363     442.815185       8.830699  -20669.768799      15.481360  116071.444000       0.001953       2.960142       0.000000
    486000.0        972.0     805.504000       9.176571    4447.436380     570.708344  -21139.598047      16.714043     416.893887       4.749329  -20722.704159      19.386878  116071.444000       0.001953       2.960142       0.000000
    487000.0        974.0     800.114000       3.670791    4089.444500     420.119630  -21144.164453      11.316331     414.104077       1.900462  -20730.060376       9.681018  116071.444000       0.001953       2.960142       0.000000
    488000.0        976.0     797.314000      14.310964    4091.673340     737.673222  -21142.698437      15.114199     412.655272       7.406962  -20730.043166      10.992509  116071.444000       0.001953       2.960142       0.000000
    489000.0        978.0     793.420000      11.710455    3912.719300     664.817591  -21141.987500      14.590313     410.640767       6.061628  -20731.346733      11.886720  116071.444000       0.001953       2.960142       0.000000
    490000.0        980.0     798.014000       6.498759    4666.224220     123.622792  -21137.652344      14.888091     413.017866       3.363180  -20724.634478      16.342580  116071.444000       0.001953       2.960142       0.000000
    491000.0        982.0     755.612000       5.760324    4091.693220     768.383530  -21175.341797      11.151046     391.072127       2.980968  -20784.269670       8.600812  116071.444000       0.001953       2.960142       0.000000
    492000.0        984.0     756.966000       5.852345    4167.905000     453.464888  -21173.988281      10.205742     391.773539       3.029270  -20782.214742       8.197437  116071.444000       0.001953       2.960142       0.000000
    493000.0        986.0     744.988000       3.356018    4118.242020     699.969050  -21173.152344      10.039027     385.572987       1.737564  -20787.579357      10.740936  116071.444000       0.001953       2.960142       0.000000
    494000.0        988.0     747.700000       6.124025    4353.394820     546.723738  -21175.060937      15.372217     386.977135       3.168597  -20788.083803      15.385866  116071.444000       0.001953       2.960142       0.000000
    495000.0        990.0     749.804000      11.731417    3645.481800     557.508120  -21172.314844      13.457641     388.066248       6.071875  -20784.248595      18.940931  116071.444000       0.001953       2.960142       0.000000
    496000.0        992.0     700.356000       2.922236    3926.922240     462.755655  -21201.912109      10.357531     362.473495       1.511716  -20839.438614      10.132116  116071.444000       0.001953       2.960142       0.000000
    497000.0        994.0     698.512000       6.035095    3996.013660     639.581296  -21201.670312      13.920665     361.520708       3.123542  -20840.149604      15.905217  116071.444000       0.001953       2.960142       0.000000
    498000.0        996.0     697.742000       9.420814    3763.980800     476.199344  -21203.726953      13.977755     361.121265       4.875609  -20842.605688      16.844000  116071.444000       0.001953       2.960142       0.000000
    499000.0        998.0     701.252000       4.646794    4110.147180     496.837305  -21200.496875      14.409057     362.939347       2.404765  -20837.557528      13.094420  116071.444000       0.001953       2.960142       0.000000
    500000.0       1000.0     696.344000      10.374522    3871.869100     279.864844  -21207.820703      11.463442     360.398211       5.368963  -20847.422492      16.086860  116071.444000       0.001953       2.960142       0.000000
    501000.0       1002.0     655.890000       4.168894    4045.076220     342.617076  -21233.512500      12.483626     339.460019       2.158130  -20894.052480      13.555890  116071.444000       0.001953       2.960142       0.000000
    502000.0       1004.0     648.272000      10.987730    3718.901420     712.024282  -21233.425000      16.129352     335.516816       5.686810  -20897.908184      15.480561  116071.444000       0.001953       2.960142       0.000000
    503000.0       1006.0     643.316000       6.980162    4168.292340     489.657323  -21233.086719      12.763359     332.952022       3.613115  -20900.134697       9.690548  116071.444000       0.001953       2.960142       0.000000
    504000.0       1008.0     655.468000       7.754816    3799.587980     712.254200  -21236.312109       7.996270     339.241813       4.014241  -20897.070296       7.136041  116071.444000       0.001953       2.960142       0.000000
    505000.0       1010.0     646.396000       4.914837    3357.773480     472.599083  -21237.854297      12.554088     334.545876       2.544839  -20903.308420      12.362485  116071.444000       0.001953       2.960142       0.000000
    506000.0       1012.0     606.080000       4.526540    3712.558840     452.655549  -21263.998437      13.682419     313.681747       2.344070  -20950.316690      13.505149  116071.444000       0.001953       2.960142       0.000000
    507000.0       1014.0     595.534000       9.850758    3465.196980     576.516458  -21269.571485      13.527269     308.222784       5.098463  -20961.348700      12.650054  116071.444000       0.001953       2.960142       0.000000
    508000.0       1016.0     593.874000       4.060722    3929.538200    1097.457134  -21268.799609      13.825976     307.364188       2.100972  -20961.435421      14.690420  116071.444000       0.001953       2.960142       0.000000
    509000.0       1018.0     598.004000       5.386456    3392.268540     515.256043  -21264.443359       9.597212     309.501113       2.788079  -20954.942247      11.307678  116071.444000       0.001953       2.960142       0.000000
    510000.0       1020.0     595.328000       4.601728    3233.730220     387.266732  -21264.656250      13.353704     308.116948       2.380798  -20956.539302      12.130358  116071.444000       0.001953       2.960142       0.000000
    511000.0       1022.0     556.088000       3.805225    2981.399720     916.451999  -21295.580469      10.310001     287.806551       1.968930  -21007.773918      11.811559  116071.444000       0.001953       2.960142       0.000000
    512000.0       1024.0     548.652000       7.639326    2889.755960     222.276814  -21296.682031      10.805953     283.958755       3.953438  -21012.723276       8.387682  116071.444000       0.001953       2.960142       0.000000
    513000.0       1026.0     550.410000       6.154459    2849.363240     611.016129  -21296.461719      13.870608     284.868199       3.185499  -21011.593520      13.562882  116071.444000       0.001953       2.960142       0.000000
    514000.0       1028.0     545.804000       7.834152    2956.304340     682.654583  -21300.762109      13.715991     282.484362       4.055895  -21018.277747      12.717791  116071.444000       0.001953       2.960142       0.000000
    515000.0       1030.0     547.834000       5.795097    2920.247560     453.782157  -21297.233984      13.073372     283.534716       2.999414  -21013.699268      13.952406  116071.444000       0.001953       2.960142       0.000000
    516000.0       1032.0     500.870000       4.441121    2805.956040     479.293483  -21326.164062      11.676075     259.228925       2.299524  -21066.935138      11.229672  116071.444000       0.001953       2.960142       0.000000
    517000.0       1034.0     498.262000       6.448089    2613.217040     385.513111  -21326.254687      14.118965     257.879144       3.336568  -21068.375543      13.173960  116071.444000       0.001953       2.960142       0.000000
    518000.0       1036.0     503.238000       5.412010    2261.703940     445.888487  -21328.112500      12.272318     260.454042       2.799625  -21067.658458      14.324700  116071.444000       0.001953       2.960142       0.000000
    519000.0       1038.0     499.970000       7.222601    3388.752840     672.470717  -21327.235547      12.988212     258.762613       3.738486  -21068.472934      13.329801  116071.444000       0.001953       2.960142       0.000000
    520000.0       1040.0     497.840000       5.839558    2685.570000     639.460353  -21328.508594       9.257724     257.660829       3.021803  -21070.847764      11.322310  116071.444000       0.001953       2.960142       0.000000
    521000.0       1042.0     453.304000       7.866828    2987.643200     586.325320  -21357.281641      13.492227     234.611782       4.071171  -21122.669859      12.285879  116071.444000       0.001953       2.960142       0.000000
    522000.0       1044.0     454.304000       2.749477    2556.056220     578.808009  -21357.771875      13.878450     235.128253       1.424055  -21122.643622      14.231678  116071.444000       0.001953       2.960142       0.000000
    523000.0       1046.0     446.422000       5.151696    2851.665980     432.050222  -21359.849610      10.661581     231.049631       2.665847  -21128.799979      11.929431  116071.444000       0.001953       2.960142       0.000000
    524000.0       1048.0     446.936000       3.879879    2588.534760     206.937151  -21361.273437      11.278362     231.314097       2.007392  -21129.959340      12.474696  116071.444000       0.001953       2.960142       0.000000
    525000.0       1050.0     450.996000       5.469145    3130.784660     461.361974  -21360.714844      11.846173     233.415775       2.829313  -21127.299069      13.898532  116071.444000       0.001953       2.960142       0.000000
    526000.0       1052.0     402.584000       4.077478    2618.897260     565.632816  -21385.102734      12.096720     208.359940       2.110441  -21176.742795      12.341803  116071.444000       0.001953       2.960142       0.000000
    527000.0       1054.0     402.132000       3.008431    2204.766520     369.452432  -21388.553125      12.772908     208.126759       1.556729  -21180.426366      13.529318  116071.444000       0.001953       2.960142       0.000000
    528000.0       1056.0     399.972000       4.476420    2720.528520     244.635401  -21389.698047       9.580179     207.007727       2.316926  -21182.690320      11.641433  116071.444000       0.001953       2.960142       0.000000
    529000.0       1058.0     399.120000       3.488857    2913.906640     379.179811  -21388.894141      10.994957     206.567586       1.806001  -21182.326554      12.307038  116071.444000       0.001953       2.960142       0.000000
    530000.0       1060.0     398.364000       6.119110    2609.230840     406.767688  -21391.193750      11.740174     206.175961       3.166467  -21185.017790       9.578462  116071.444000       0.001953       2.960142       0.000000
    531000.0       1062.0     352.900000       4.704844    2235.583020     438.420948  -21419.117969      11.436434     182.645507       2.433942  -21236.472461      13.030777  116071.444000       0.001953       2.960142       0.000000
    532000.0       1064.0     350.082000       1.823441    2513.476940     412.460046  -21419.967578      10.075806     181.187247       0.943319  -21238.780331      10.919099  116071.444000       0.001953       2.960142       0.000000
    533000.0       1066.0     348.876000       3.832386    2567.757740     298.936724  -21420.328125       8.872424     180.562897       1.983700  -21239.765228       7.596380  116071.444000       0.001953       2.960142       0.000000
    534000.0       1068.0     348.166000       3.896114    2522.458500     696.822291  -21419.070703       9.390587     180.196464       2.016096  -21238.874239       8.318332  116071.444000       0.001953       2.960142       0.000000
    535000.0       1070.0     351.950000       3.872730    2578.629600     777.353725  -21422.006641      10.781294     182.154011       2.004654  -21239.852629      10.032441  116071.444000       0.001953       2.960142       0.000000
    536000.0       1072.0     301.276000       4.125174    2404.412240     630.911025  -21448.178515      10.990353     155.927553       2.134705  -21292.250962      10.571851  116071.444000       0.001953       2.960142       0.000000
    537000.0       1074.0     299.316000       3.646185    2180.813260     282.751488  -21451.417969      12.140319     154.913283       1.887368  -21296.504685      12.607042  116071.444000       0.001953       2.960142       0.000000
    538000.0       1076.0     297.500000       3.532982    2651.849860     255.572038  -21451.167187      11.625480     153.972620       1.828634  -21297.194568      12.488707  116071.444000       0.001953       2.960142       0.000000
    539000.0       1078.0     298.898000       3.667846    2104.038480     180.875373  -21451.183594      12.052979     154.696084       1.898661  -21296.487510      12.062933  116071.444000       0.001953       2.960142       0.000000
    540000.0       1080.0     301.002000       2.499259    2261.518960     357.451941  -21451.048828      12.065278     155.785844       1.292791  -21295.262984      13.194644  116071.444000       0.001953       2.960142       0.000000
