# Timestep	Num_Clusters	Max_Cluster_Size
0	12	3421
1	15	3416
2	14	3418
3	14	3419
4	12	3421
5	17	3415
6	11	3421
7	11	3422
8	13	3420
9	10	3423
10	20	3412
11	7	3426
12	17	3416
13	13	3420
14	15	3418
15	11	3422
16	12	3421
17	11	3422
18	12	3421
19	16	3417
20	14	3419
21	16	3417
22	12	3421
23	13	3420
24	13	3420
25	15	3416
26	13	3419
27	13	3419
28	19	3413
29	19	3414
30	11	3422
31	15	3417
32	7	3426
33	13	3419
34	16	3416
35	9	3424
36	6	3427
37	17	3416
38	9	3423
39	12	3421
40	16	3417
41	14	3419
42	18	3413
43	18	3415
44	13	3420
45	15	3412
46	11	3422
47	8	3423
48	13	3420
49	13	3420
50	17	3415
51	13	3420
52	11	3422
53	14	3418
54	17	3416
55	15	3418
56	15	3417
57	13	3420
58	12	3421
59	15	3418
60	9	3424
61	10	3423
62	15	3418
63	19	3407
64	17	3415
65	12	3421
66	14	3419
67	10	3423
68	14	3418
69	9	3424
70	18	3415
71	11	3422
72	16	3417
73	11	3421
74	17	3415
75	12	3420
76	10	3423
77	12	3421
78	15	3418
79	12	3420
80	10	3417
81	10	3423
82	15	3418
83	12	3420
84	14	3419
85	16	3417
86	13	3420
87	14	3419
88	8	3425
89	11	3422
90	12	3421
91	12	3421
92	8	3424
93	11	3422
94	14	3419
95	7	3426
96	15	3417
97	11	3422
98	10	3423
99	10	3423
100	16	3417
101	11	3422
102	10	3423
103	15	3412
104	13	3420
105	12	3421
106	11	3419
107	11	3422
108	10	3422
109	16	3417
110	8	3425
111	12	3421
112	11	3421
113	14	3418
114	8	3425
115	7	3426
116	9	3424
117	10	3423
118	7	3425
119	11	3422
120	8	3424
121	13	3420
122	11	3422
123	11	3422
124	13	3420
125	10	3423
126	13	3420
127	8	3425
128	11	3422
129	13	3420
130	10	3423
131	10	3423
132	11	3420
133	10	3423
134	11	3422
135	13	3420
136	10	3422
137	10	3422
138	14	3413
139	14	3419
140	9	3424
141	9	3424
142	8	3424
143	10	3423
144	14	3419
145	8	3425
146	13	3420
147	5	3428
148	10	3423
149	18	3415
150	9	3424
151	15	3417
152	13	3420
153	16	3417
154	18	3415
155	15	3418
156	7	3426
157	11	3422
158	11	3422
159	14	3419
160	14	3419
161	13	3420
162	11	3420
163	13	3420
164	14	3419
165	15	3418
166	14	3418
167	9	3424
168	14	3413
169	13	3418
170	12	3421
171	18	3414
172	8	3425
173	12	3421
174	14	3419
175	10	3423
176	9	3424
177	9	3424
178	11	3421
179	11	3422
180	11	3421
181	10	3423
182	8	3425
183	14	3419
184	11	3421
185	17	3414
186	9	3424
187	14	3417
188	11	3422
189	13	3414
190	10	3423
191	11	3417
192	18	3415
193	12	3421
194	10	3423
195	17	3411
196	14	3419
197	7	3426
198	12	3421
199	9	3424
200	9	3424
201	8	3425
202	10	3423
203	9	3422
204	8	3425
205	10	3422
206	12	3421
207	15	3418
208	6	3427
209	14	3419
210	8	3425
211	8	3425
212	11	3422
213	16	3417
214	7	3420
215	10	3423
216	12	3421
217	9	3424
218	9	3424
219	7	3426
220	12	3421
221	11	3417
222	11	3421
223	11	3422
224	11	3422
225	9	3418
226	12	3421
227	5	3428
228	9	3424
229	9	3424
230	12	3421
231	14	3419
232	13	3420
233	8	3425
234	13	3419
235	15	3418
236	10	3423
237	13	3419
238	11	3422
239	11	3422
240	11	3421
241	10	3422
242	11	3422
243	14	3413
244	8	3425
245	11	3422
246	11	3422
247	13	3419
248	9	3424
249	9	3424
250	9	3423
251	9	3424
252	13	3420
253	13	3420
254	14	3419
255	11	3421
256	13	3419
257	15	3418
258	14	3419
259	14	3419
260	12	3421
261	9	3424
262	11	3422
263	8	3425
264	10	3423
265	12	3420
266	9	3424
267	14	3419
268	14	3419
269	13	3420
270	7	3425
271	12	3421
272	11	3422
273	15	3418
274	11	3422
275	14	3419
276	10	3421
277	6	3427
278	13	3420
279	8	3425
280	9	3424
281	9	3424
282	14	3419
283	19	3408
284	12	3420
285	10	3423
286	13	3415
287	10	3423
288	13	3420
289	9	3423
290	12	3416
291	11	3422
292	13	3419
293	11	3422
294	8	3425
295	10	3423
296	9	3424
297	10	3423
298	7	3426
299	10	3423
300	4	3428
301	7	3426
302	5	3428
303	12	3421
304	10	3423
305	10	3423
306	10	3423
307	15	3418
308	13	3420
309	10	3423
310	10	3422
311	13	3420
312	9	3423
313	8	3425
314	7	3426
315	11	3415
316	9	3424
317	6	3427
318	12	3421
319	13	3419
320	8	3425
321	11	3420
322	15	3418
323	13	3420
324	13	3420
325	10	3423
326	9	3424
327	10	3422
328	9	3424
329	10	3422
330	9	3424
331	8	3424
332	11	3422
333	11	3422
334	11	3422
335	12	3421
336	4	3429
337	5	3428
338	12	3421
339	6	3427
340	12	3409
341	7	3426
342	8	3425
343	9	3424
344	5	3428
345	10	3423
346	9	3424
347	15	3418
348	8	3424
349	13	3420
350	16	3417
351	5	3428
352	10	3418
353	8	3425
354	10	3423
355	10	3423
356	12	3421
357	9	3423
358	15	3418
359	16	3411
360	7	3426
361	15	3418
362	8	3425
363	7	3426
364	17	3416
365	12	3421
366	10	3422
367	6	3426
368	7	3426
369	11	3422
370	10	3422
371	9	3424
372	7	3426
373	11	3421
374	11	3422
375	14	3419
376	8	3425
377	8	3425
378	10	3423
379	8	3425
380	13	3420
381	8	3424
382	10	3423
383	15	3417
384	10	3423
385	13	3420
386	12	3421
387	8	3425
388	6	3427
389	8	3425
390	14	3419
391	7	3426
392	7	3425
393	10	3421
394	11	3421
395	17	3415
396	12	3421
397	13	3420
398	11	3422
399	11	3422
400	10	3423
401	8	3425
402	14	3419
403	10	3422
404	10	3423
405	7	3426
406	14	3414
407	10	3423
408	12	3421
409	12	3420
410	9	3424
411	11	3422
412	11	3422
413	5	3428
414	12	3421
415	11	3417
416	11	3421
417	9	3424
418	6	3427
419	18	3415
420	9	3424
421	11	3422
422	11	3422
423	5	3428
424	9	3423
425	13	3415
426	11	3422
427	17	3416
428	10	3417
429	14	3419
430	10	3423
431	10	3423
432	6	3427
433	13	3420
434	12	3420
435	12	3419
436	10	3423
437	10	3423
438	13	3419
439	14	3418
440	7	3426
441	9	3424
442	12	3420
443	17	3416
444	13	3420
445	11	3422
446	12	3421
447	12	3421
448	13	3420
449	14	3419
450	7	3426
451	11	3422
452	10	3423
453	14	3419
454	7	3421
455	8	3425
456	9	3424
457	12	3420
458	14	3419
459	12	3421
460	12	3419
461	3	3430
462	14	3419
463	6	3427
464	13	3419
465	12	3421
466	12	3421
467	14	3419
468	5	3428
469	6	3422
470	9	3424
471	11	3422
472	10	3422
473	9	3424
474	12	3420
475	10	3423
476	9	3424
477	11	3422
478	5	3428
479	9	3424
480	6	3427
481	11	3422
482	11	3422
483	8	3425
484	8	3424
485	13	3418
486	18	3414
487	9	3423
488	7	3426
489	11	3422
490	5	3428
491	8	3425
492	8	3424
493	13	3420
494	7	3426
495	15	3418
496	15	3417
497	10	3423
498	16	3417
499	13	3420
500	7	3426
501	10	3423
502	11	3422
503	9	3424
504	10	3423
505	17	3414
506	13	3420
507	15	3418
508	7	3426
509	11	3422
510	10	3423
511	11	3422
512	11	3422
513	12	3421
514	14	3416
515	13	3420
516	16	3417
517	13	3420
518	9	3424
519	15	3413
520	12	3421
521	15	3418
522	12	3421
523	9	3424
524	13	3420
525	14	3418
526	15	3412
527	9	3424
528	9	3424
529	8	3425
530	13	3420
531	11	3422
532	11	3422
533	13	3420
534	9	3424
535	17	3416
536	11	3421
537	12	3421
538	11	3421
539	13	3420
540	10	3423
541	7	3418
542	8	3425
543	12	3421
544	12	3421
545	12	3421
546	14	3418
547	11	3422
548	12	3421
549	12	3421
550	12	3421
551	11	3422
552	11	3422
553	10	3422
554	13	3420
555	9	3423
556	14	3418
557	11	3421
558	11	3421
559	13	3419
560	13	3419
561	9	3424
562	10	3423
563	9	3423
564	9	3424
565	9	3423
566	16	3417
567	11	3422
568	15	3416
569	9	3424
570	8	3424
571	13	3420
572	14	3419
573	9	3424
574	3	3430
575	9	3424
576	11	3421
577	15	3418
578	12	3421
579	10	3423
580	15	3418
581	7	3426
582	13	3420
583	7	3425
584	14	3419
585	12	3421
586	14	3419
587	15	3418
588	12	3421
589	15	3418
590	14	3419
591	13	3419
592	17	3416
593	9	3424
594	10	3422
595	17	3415
596	11	3422
597	15	3418
598	11	3421
599	7	3426
600	14	3419
601	14	3419
602	3	3430
603	7	3426
604	14	3419
605	10	3421
606	9	3424
607	10	3421
608	16	3417
609	17	3415
610	13	3420
611	5	3428
612	18	3415
613	13	3419
614	11	3422
615	11	3421
616	10	3422
617	9	3422
618	14	3419
619	7	3426
620	12	3420
621	15	3418
622	8	3425
623	8	3424
624	10	3423
625	9	3424
626	9	3419
627	9	3424
628	10	3423
629	14	3418
630	12	3416
631	12	3420
632	15	3418
633	7	3426
634	13	3420
635	6	3427
636	17	3410
637	12	3421
638	10	3422
639	6	3427
640	7	3425
641	13	3420
642	12	3421
643	11	3422
644	11	3420
645	9	3423
646	12	3420
647	8	3425
648	6	3427
649	13	3420
650	16	3416
651	16	3417
652	9	3424
653	16	3416
654	8	3425
655	13	3419
656	16	3416
657	9	3423
658	9	3424
659	7	3421
660	13	3419
661	13	3414
662	12	3421
663	14	3412
664	10	3423
665	11	3422
666	7	3426
667	9	3423
668	16	3412
669	9	3424
670	8	3425
671	5	3428
672	10	3423
673	7	3426
674	10	3422
675	8	3425
676	15	3418
677	10	3423
678	9	3424
679	10	3423
680	10	3423
681	9	3422
682	14	3417
683	7	3426
684	14	3419
685	7	3426
686	11	3421
687	8	3425
688	12	3421
689	12	3421
690	10	3423
691	12	3420
692	12	3421
693	15	3418
694	12	3421
695	9	3424
696	13	3420
697	13	3417
698	9	3424
699	9	3424
700	12	3416
701	12	3421
702	10	3423
703	11	3422
704	10	3423
705	9	3424
706	10	3423
707	16	3417
708	10	3423
709	18	3415
710	13	3420
711	12	3421
712	9	3424
713	10	3423
714	14	3419
715	5	3428
716	12	3421
717	10	3423
718	11	3422
719	16	3417
720	9	3424
721	9	3424
722	9	3424
723	10	3423
724	10	3423
725	12	3421
726	7	3424
727	11	3422
728	8	3424
729	10	3423
730	7	3425
731	10	3423
732	10	3423
733	10	3423
734	17	3416
735	11	3422
736	13	3419
737	8	3425
738	12	3420
739	11	3422
740	16	3416
741	8	3425
742	7	3426
743	11	3422
744	5	3428
745	13	3420
746	6	3427
747	10	3423
748	11	3422
749	9	3424
750	9	3423
751	13	3420
752	13	3420
753	12	3420
754	14	3419
755	6	3427
756	11	3421
757	10	3422
758	9	3417
759	12	3421
760	9	3424
761	16	3417
762	13	3420
763	7	3426
764	9	3424
765	8	3425
766	12	3421
767	15	3418
768	9	3423
769	10	3423
770	11	3422
771	14	3419
772	10	3423
773	12	3421
774	16	3416
775	16	3417
776	7	3425
777	13	3420
778	11	3421
779	11	3422
780	14	3419
781	18	3412
782	9	3423
783	14	3419
784	10	3422
785	14	3418
786	19	3414
787	15	3417
788	12	3420
789	15	3418
790	13	3420
791	11	3422
792	7	3425
793	15	3418
794	11	3422
795	12	3419
796	6	3427
797	10	3423
798	12	3420
799	16	3417
800	13	3415
801	10	3423
802	8	3425
803	10	3423
804	14	3419
805	4	3429
806	10	3423
807	8	3425
808	10	3423
809	15	3418
810	12	3421
811	8	3425
812	12	3420
813	11	3422
814	19	3411
815	12	3421
816	9	3424
817	15	3418
818	16	3416
819	6	3427
820	11	3422
821	12	3421
822	13	3420
823	15	3418
824	11	3422
825	11	3422
826	7	3426
827	12	3421
828	13	3420
829	12	3421
830	10	3423
831	13	3420
832	10	3423
833	15	3418
834	8	3424
835	11	3422
836	13	3420
837	12	3421
838	13	3419
839	13	3420
840	6	3427
841	13	3420
842	14	3419
843	12	3421
844	12	3421
845	13	3419
846	9	3422
847	11	3422
848	13	3420
849	14	3419
850	13	3420
851	12	3421
852	11	3422
853	8	3424
854	7	3426
855	14	3419
856	6	3426
857	18	3415
858	10	3423
859	8	3425
860	7	3426
861	12	3421
862	9	3423
863	10	3423
864	18	3415
865	16	3417
866	11	3422
867	10	3423
868	8	3425
869	15	3418
870	12	3421
871	21	3411
872	6	3427
873	10	3423
874	13	3420
875	10	3422
876	15	3417
877	14	3419
878	11	3422
879	12	3421
880	9	3419
881	7	3426
882	15	3417
883	8	3424
884	8	3425
885	13	3419
886	9	3424
887	10	3422
888	12	3420
889	7	3426
890	8	3425
891	15	3418
892	8	3424
893	13	3420
894	16	3417
895	9	3424
896	8	3425
897	11	3422
898	9	3424
899	14	3419
900	7	3426
901	12	3421
902	17	3415
903	10	3423
904	14	3419
905	8	3425
906	9	3424
907	11	3421
908	6	3427
909	11	3422
910	8	3425
911	10	3420
912	9	3424
913	13	3420
914	14	3418
915	10	3423
916	14	3419
917	11	3421
918	7	3426
919	9	3424
920	12	3421
921	12	3421
922	10	3423
923	9	3423
924	9	3424
925	10	3423
926	12	3415
927	18	3415
928	15	3416
929	12	3420
930	6	3427
931	12	3421
932	13	3420
933	10	3423
934	15	3417
935	15	3418
936	13	3420
937	13	3420
938	16	3416
939	7	3426
940	16	3410
941	13	3419
942	15	3416
943	13	3419
944	9	3424
945	16	3417
946	10	3423
947	15	3417
948	18	3415
949	10	3423
950	14	3419
951	15	3417
952	13	3420
953	10	3423
954	11	3422
955	13	3420
956	11	3422
957	16	3417
958	10	3423
959	11	3422
960	12	3420
961	14	3419
962	13	3420
963	14	3419
964	10	3423
965	8	3425
966	14	3419
967	10	3422
968	18	3414
969	13	3420
970	12	3421
971	9	3424
972	12	3421
973	8	3425
974	16	3411
975	10	3422
976	13	3420
977	14	3419
978	15	3418
979	11	3421
980	12	3421
981	12	3420
982	13	3420
983	12	3421
984	6	3427
985	8	3419
986	15	3418
987	20	3412
988	13	3420
989	13	3420
990	6	3427
991	15	3418
992	11	3422
993	11	3422
994	12	3421
995	15	3417
996	17	3414
997	13	3420
998	13	3420
999	13	3420
1000	8	3425
1001	16	3417
1002	9	3424
1003	15	3418
1004	12	3421
1005	17	3416
1006	11	3422
1007	12	3421
1008	14	3419
1009	14	3419
1010	15	3418
1011	16	3416
1012	12	3420
1013	13	3420
1014	14	3419
1015	7	3426
1016	12	3419
1017	14	3419
1018	12	3421
1019	14	3419
1020	15	3418
1021	13	3420
1022	7	3426
1023	18	3415
1024	15	3418
1025	10	3423
1026	14	3418
1027	7	3426
1028	9	3424
1029	12	3420
1030	11	3422
1031	8	3425
1032	11	3422
1033	7	3425
1034	11	3422
1035	11	3422
1036	11	3422
1037	9	3424
1038	15	3418
1039	10	3421
1040	11	3422
1041	14	3419
1042	10	3423
1043	16	3416
1044	5	3427
1045	8	3425
1046	15	3417
1047	6	3426
1048	11	3422
1049	10	3423
1050	6	3427
1051	12	3421
1052	10	3422
1053	14	3418
1054	7	3426
1055	16	3417
1056	11	3422
1057	11	3421
1058	12	3421
1059	8	3425
1060	10	3422
1061	11	3409
1062	13	3420
1063	9	3424
1064	13	3420
1065	14	3419
1066	17	3416
1067	12	3421
1068	19	3414
1069	13	3420
1070	10	3423
1071	8	3425
1072	10	3423
1073	7	3426
1074	9	3424
1075	11	3421
1076	7	3426
1077	5	3428
1078	7	3426
1079	10	3423
1080	6	3427
1081	9	3424
1082	7	3426
1083	9	3424
1084	14	3419
1085	6	3427
1086	11	3422
1087	13	3415
1088	12	3421
1089	6	3427
1090	12	3419
1091	12	3415
1092	8	3425
1093	13	3420
1094	14	3418
1095	7	3426
1096	14	3418
1097	11	3422
1098	8	3425
1099	8	3425
1100	10	3423
1101	12	3421
1102	12	3420
1103	6	3426
1104	12	3421
1105	10	3423
1106	10	3423
1107	11	3422
1108	10	3423
1109	13	3420
1110	6	3427
1111	10	3422
1112	16	3416
1113	8	3425
1114	12	3421
1115	10	3423
1116	10	3422
1117	10	3423
1118	13	3419
1119	17	3416
1120	11	3417
1121	16	3416
1122	7	3426
1123	12	3416
1124	8	3425
1125	14	3419
1126	13	3420
1127	10	3423
1128	10	3423
1129	16	3417
1130	12	3421
1131	10	3422
1132	9	3424
1133	10	3422
1134	4	3429
1135	10	3423
1136	9	3424
1137	6	3427
1138	15	3418
1139	10	3423
1140	9	3424
1141	12	3421
1142	12	3421
1143	11	3422
1144	9	3423
1145	11	3421
1146	8	3425
1147	11	3422
1148	11	3421
1149	11	3422
1150	14	3419
1151	17	3415
1152	8	3425
1153	10	3423
1154	9	3424
1155	5	3428
1156	11	3422
1157	7	3426
1158	13	3420
1159	6	3427
1160	8	3425
1161	10	3423
1162	8	3425
1163	10	3423
1164	14	3418
1165	10	3422
1166	11	3422
1167	11	3422
1168	10	3423
1169	13	3420
1170	11	3422
1171	12	3421
1172	13	3420
1173	6	3426
1174	13	3420
1175	8	3425
1176	8	3425
1177	13	3420
1178	14	3419
1179	8	3425
1180	6	3426
1181	9	3424
1182	8	3424
1183	14	3419
1184	12	3419
1185	6	3425
1186	15	3413
1187	7	3426
1188	6	3427
1189	9	3424
1190	6	3427
1191	17	3416
1192	9	3424
1193	15	3418
1194	11	3422
1195	13	3420
1196	10	3423
1197	16	3417
1198	8	3425
1199	8	3425
1200	11	3422
1201	8	3425
1202	10	3423
1203	10	3423
1204	11	3421
1205	8	3424
1206	13	3419
1207	15	3418
1208	15	3417
1209	9	3424
1210	11	3422
1211	14	3418
1212	13	3420
1213	6	3427
1214	14	3419
1215	12	3421
1216	14	3419
1217	5	3428
1218	12	3420
1219	14	3419
1220	10	3423
1221	12	3418
1222	10	3422
1223	15	3413
1224	7	3426
1225	18	3415
1226	11	3421
1227	11	3421
1228	11	3422
1229	10	3423
1230	15	3418
1231	6	3427
1232	8	3425
1233	12	3421
1234	10	3423
1235	11	3417
1236	18	3415
1237	9	3423
1238	7	3426
1239	14	3418
1240	15	3418
1241	11	3422
1242	15	3418
1243	13	3418
1244	5	3428
1245	16	3417
1246	12	3421
1247	15	3418
1248	10	3423
1249	13	3420
1250	13	3420
1251	10	3423
1252	8	3425
1253	11	3422
1254	11	3422
1255	10	3423
1256	13	3420
1257	11	3422
1258	5	3428
1259	7	3426
1260	9	3422
1261	8	3425
1262	15	3418
1263	12	3421
1264	5	3428
1265	14	3419
1266	8	3425
1267	13	3414
1268	14	3419
1269	9	3423
1270	8	3424
1271	14	3419
1272	12	3420
1273	9	3424
1274	13	3420
1275	13	3415
1276	8	3425
1277	10	3423
1278	11	3422
1279	14	3419
1280	16	3417
1281	14	3419
1282	13	3420
1283	16	3417
1284	7	3426
1285	12	3421
1286	13	3420
1287	11	3416
1288	10	3422
1289	16	3417
1290	15	3418
1291	12	3421
1292	18	3414
1293	21	3412
1294	8	3425
1295	6	3427
1296	10	3423
1297	13	3420
1298	17	3416
1299	15	3417
1300	10	3422
1301	8	3425
1302	10	3423
1303	7	3426
1304	8	3425
1305	10	3423
1306	9	3424
1307	11	3422
1308	12	3421
1309	15	3418
1310	16	3417
1311	8	3425
1312	10	3423
1313	13	3420
1314	9	3423
1315	13	3420
1316	8	3425
1317	9	3423
1318	13	3420
1319	17	3416
1320	7	3425
1321	9	3424
1322	11	3422
1323	9	3424
1324	14	3419
1325	16	3417
1326	10	3423
1327	10	3423
1328	10	3423
1329	10	3423
1330	12	3421
1331	14	3419
1332	9	3424
1333	14	3419
1334	8	3420
1335	9	3424
1336	10	3423
1337	8	3424
1338	12	3421
1339	8	3425
1340	13	3419
1341	12	3421
1342	12	3421
1343	7	3426
1344	8	3425
1345	9	3424
1346	10	3423
1347	10	3423
1348	13	3420
1349	13	3419
1350	9	3424
1351	10	3418
1352	11	3422
1353	10	3423
1354	19	3414
1355	12	3421
1356	9	3424
1357	10	3423
1358	10	3422
1359	8	3425
1360	11	3422
1361	6	3427
1362	12	3420
1363	12	3421
1364	13	3420
1365	15	3417
1366	17	3416
1367	11	3422
1368	11	3422
1369	10	3423
1370	9	3424
1371	11	3422
1372	8	3425
1373	12	3421
1374	16	3417
1375	8	3425
1376	12	3421
1377	14	3419
1378	8	3423
1379	11	3422
1380	12	3418
1381	9	3424
1382	8	3425
1383	7	3426
1384	13	3420
1385	8	3425
1386	10	3423
1387	9	3424
1388	8	3424
1389	10	3423
1390	15	3417
1391	10	3421
1392	10	3423
1393	12	3420
1394	10	3423
1395	13	3418
1396	17	3415
1397	8	3425
1398	13	3419
1399	14	3411
1400	19	3409
1401	14	3418
1402	13	3419
1403	17	3415
1404	16	3417
1405	15	3416
1406	15	3418
1407	6	3427
1408	8	3425
1409	16	3417
1410	9	3424
1411	9	3424
1412	7	3426
1413	13	3420
1414	8	3425
1415	10	3423
1416	9	3424
1417	13	3420
1418	10	3423
1419	10	3423
1420	10	3423
1421	15	3418
1422	8	3425
1423	10	3423
1424	11	3422
1425	13	3420
1426	14	3418
1427	13	3419
1428	11	3421
1429	10	3422
1430	11	3420
1431	7	3425
1432	12	3420
1433	9	3424
1434	7	3426
1435	9	3424
1436	7	3426
1437	13	3420
1438	15	3417
1439	8	3425
1440	10	3422
1441	14	3413
1442	12	3420
1443	11	3422
1444	14	3418
1445	13	3420
1446	9	3424
1447	7	3426
1448	15	3418
1449	14	3418
1450	12	3421
1451	14	3418
1452	13	3420
1453	13	3419
1454	10	3423
1455	12	3420
1456	9	3422
1457	10	3423
1458	8	3424
1459	11	3421
1460	12	3421
1461	8	3425
1462	10	3423
1463	10	3423
1464	13	3419
1465	8	3425
1466	8	3425
1467	16	3416
1468	10	3422
1469	16	3417
1470	10	3423
1471	10	3423
1472	8	3425
1473	9	3424
1474	9	3423
1475	14	3417
1476	13	3420
1477	10	3422
1478	10	3423
1479	10	3423
1480	7	3426
1481	12	3420
1482	4	3429
1483	9	3424
1484	11	3422
1485	16	3417
1486	6	3427
1487	13	3420
1488	14	3419
1489	9	3423
1490	10	3423
1491	12	3419
1492	10	3422
1493	11	3421
1494	12	3421
1495	12	3416
1496	11	3422
1497	16	3417
1498	10	3423
1499	9	3424
1500	9	3423
1501	5	3428
1502	9	3424
1503	8	3425
1504	6	3427
1505	11	3422
1506	10	3423
1507	8	3425
1508	10	3423
1509	9	3424
1510	8	3425
1511	6	3427
1512	8	3425
1513	11	3422
1514	15	3418
1515	11	3422
1516	12	3421
1517	8	3424
1518	6	3422
1519	12	3421
1520	10	3423
1521	10	3423
1522	11	3422
1523	12	3421
1524	10	3423
1525	11	3420
1526	13	3419
1527	10	3423
1528	12	3421
1529	15	3416
1530	6	3426
1531	14	3419
1532	12	3421
1533	11	3416
1534	9	3424
1535	10	3423
1536	10	3423
1537	11	3422
1538	18	3414
1539	10	3423
1540	17	3414
1541	15	3412
1542	12	3420
1543	14	3419
1544	8	3425
1545	11	3422
1546	13	3420
1547	8	3423
1548	8	3424
1549	10	3423
1550	9	3424
1551	14	3419
1552	13	3419
1553	15	3417
1554	12	3421
1555	13	3420
1556	10	3422
1557	4	3429
1558	13	3418
1559	10	3423
1560	12	3420
1561	10	3422
1562	15	3417
1563	11	3422
1564	12	3420
1565	10	3423
1566	11	3421
1567	17	3416
1568	5	3428
1569	14	3416
1570	13	3420
1571	11	3422
1572	18	3414
1573	11	3422
1574	9	3422
1575	12	3419
1576	9	3424
1577	10	3423
1578	10	3422
1579	6	3427
1580	8	3425
1581	17	3416
1582	13	3414
1583	11	3422
1584	13	3420
1585	10	3423
1586	13	3420
1587	14	3419
1588	13	3420
1589	9	3423
1590	9	3424
1591	18	3415
1592	8	3425
1593	14	3419
1594	11	3422
1595	13	3420
1596	12	3421
1597	14	3419
1598	10	3423
1599	14	3419
1600	11	3422
1601	9	3424
1602	12	3421
1603	10	3421
1604	10	3423
1605	8	3425
1606	12	3421
1607	14	3417
1608	10	3423
1609	11	3422
1610	11	3422
1611	7	3426
1612	8	3425
1613	11	3417
1614	11	3422
1615	14	3418
1616	7	3426
1617	13	3420
1618	7	3426
1619	11	3422
1620	7	3426
1621	8	3425
1622	13	3420
1623	14	3419
1624	12	3420
1625	8	3425
1626	4	3429
1627	7	3425
1628	8	3425
1629	12	3415
1630	14	3419
1631	6	3427
1632	14	3419
1633	13	3419
1634	12	3420
1635	11	3421
1636	8	3425
1637	7	3426
1638	10	3423
1639	10	3423
1640	10	3423
1641	10	3423
1642	11	3422
1643	14	3419
1644	6	3427
1645	9	3424
1646	11	3422
1647	5	3428
1648	12	3420
1649	13	3420
1650	8	3425
1651	11	3422
1652	7	3426
1653	17	3416
1654	17	3415
1655	9	3424
1656	16	3415
1657	7	3426
1658	9	3419
1659	8	3425
1660	15	3418
1661	7	3424
1662	10	3422
1663	15	3418
1664	6	3427
1665	14	3419
1666	9	3424
1667	10	3423
1668	9	3423
1669	6	3427
1670	10	3421
1671	9	3424
1672	13	3419
1673	12	3421
1674	15	3412
1675	12	3421
1676	14	3419
1677	15	3418
1678	11	3422
1679	8	3425
1680	11	3421
1681	10	3421
1682	7	3425
1683	12	3421
1684	7	3425
1685	7	3426
1686	18	3415
1687	14	3419
1688	9	3424
1689	18	3414
1690	9	3424
1691	10	3423
1692	11	3422
1693	7	3426
1694	10	3422
1695	8	3425
1696	9	3424
1697	8	3425
1698	11	3422
1699	15	3417
1700	9	3424
1701	11	3422
1702	10	3423
1703	14	3418
1704	11	3421
1705	8	3425
1706	10	3423
1707	11	3422
1708	11	3422
1709	8	3424
1710	13	3420
1711	5	3428
1712	12	3421
1713	13	3420
1714	12	3421
1715	5	3428
1716	9	3424
1717	10	3423
1718	16	3417
1719	12	3421
1720	10	3423
1721	8	3424
1722	9	3423
1723	5	3428
1724	9	3424
1725	9	3424
1726	14	3419
1727	8	3425
1728	9	3418
1729	12	3421
1730	12	3420
1731	8	3425
1732	12	3420
1733	11	3421
1734	7	3426
1735	15	3416
1736	14	3418
1737	10	3422
1738	11	3422
1739	14	3419
1740	8	3425
1741	7	3426
1742	12	3421
1743	8	3425
1744	9	3424
1745	8	3425
1746	14	3419
1747	10	3423
1748	8	3425
1749	6	3427
1750	9	3423
1751	9	3424
1752	8	3425
1753	11	3422
1754	6	3427
1755	7	3426
1756	7	3426
1757	6	3427
1758	5	3428
1759	10	3423
1760	10	3423
1761	14	3418
1762	8	3425
1763	8	3424
1764	13	3420
1765	18	3415
1766	10	3423
1767	10	3422
1768	8	3424
1769	10	3423
1770	12	3421
1771	9	3424
1772	10	3423
1773	8	3425
1774	9	3424
1775	11	3421
1776	8	3425
1777	6	3427
1778	10	3421
1779	6	3427
1780	12	3421
1781	11	3422
1782	10	3423
1783	8	3425
1784	13	3420
1785	8	3425
1786	13	3414
1787	11	3422
1788	7	3426
1789	9	3423
1790	15	3418
1791	10	3423
1792	8	3425
1793	7	3426
1794	13	3419
1795	6	3427
1796	10	3423
1797	10	3423
1798	14	3419
1799	6	3427
1800	6	3427
1801	8	3425
1802	10	3423
1803	12	3421
1804	10	3423
1805	16	3417
1806	9	3424
1807	7	3426
1808	8	3423
1809	8	3425
1810	8	3425
1811	10	3422
1812	14	3417
1813	8	3425
1814	13	3420
1815	9	3423
1816	5	3428
1817	10	3423
1818	8	3425
1819	8	3419
1820	4	3429
1821	5	3428
1822	4	3429
1823	9	3423
1824	9	3424
1825	8	3424
1826	11	3421
1827	7	3426
1828	3	3430
1829	8	3425
1830	6	3427
1831	8	3425
1832	7	3426
1833	8	3425
1834	14	3418
1835	11	3422
1836	10	3423
1837	8	3425
1838	9	3424
1839	16	3417
1840	11	3422
1841	10	3423
1842	8	3424
1843	5	3428
1844	11	3422
1845	11	3422
1846	8	3425
1847	7	3426
1848	9	3423
1849	8	3424
1850	15	3412
1851	8	3425
1852	8	3425
1853	11	3422
1854	8	3425
1855	5	3428
1856	8	3424
1857	11	3422
1858	7	3426
1859	10	3417
1860	10	3423
1861	8	3423
1862	10	3423
1863	9	3424
1864	8	3425
1865	13	3420
1866	8	3425
1867	7	3426
1868	11	3422
1869	5	3428
1870	10	3423
1871	8	3425
1872	16	3417
1873	9	3424
1874	7	3426
1875	12	3421
1876	7	3426
1877	9	3424
1878	10	3422
1879	4	3429
1880	9	3424
1881	14	3418
1882	8	3425
1883	7	3426
1884	9	3424
1885	10	3423
1886	7	3419
1887	11	3422
1888	12	3421
1889	8	3425
1890	6	3426
1891	12	3420
1892	10	3423
1893	13	3419
1894	9	3424
1895	7	3426
1896	10	3422
1897	11	3422
1898	10	3423
1899	11	3422
1900	13	3419
1901	14	3419
1902	7	3425
1903	6	3427
1904	10	3423
1905	15	3418
1906	13	3420
1907	4	3429
1908	9	3424
1909	15	3418
1910	15	3418
1911	6	3427
1912	10	3423
1913	9	3424
1914	8	3424
1915	9	3424
1916	8	3423
1917	19	3414
1918	14	3411
1919	7	3426
1920	9	3424
1921	13	3419
1922	8	3424
1923	7	3426
1924	10	3423
1925	13	3415
1926	9	3424
1927	6	3427
1928	12	3421
1929	11	3422
1930	10	3423
1931	12	3421
1932	14	3419
1933	8	3425
1934	10	3421
1935	13	3419
1936	10	3421
1937	13	3420
1938	11	3421
1939	12	3419
1940	9	3424
1941	9	3424
1942	15	3416
1943	12	3420
1944	12	3421
1945	6	3427
1946	11	3422
1947	9	3424
1948	9	3424
1949	7	3426
1950	9	3424
1951	13	3415
1952	16	3416
1953	13	3420
1954	13	3420
1955	13	3420
1956	10	3423
1957	5	3428
1958	8	3425
1959	12	3421
1960	11	3422
1961	8	3425
1962	9	3424
1963	11	3421
1964	10	3423
1965	9	3424
1966	5	3428
1967	12	3414
1968	7	3426
1969	8	3425
1970	6	3427
1971	12	3421
1972	10	3423
1973	10	3423
1974	11	3417
1975	8	3420
1976	11	3422
1977	9	3424
1978	12	3420
1979	8	3423
1980	8	3425
1981	13	3419
1982	14	3418
1983	9	3424
1984	10	3423
1985	8	3425
1986	12	3420
1987	13	3419
1988	11	3421
1989	5	3428
1990	13	3415
1991	11	3422
1992	10	3423
1993	7	3426
1994	10	3418
1995	8	3425
1996	8	3425
1997	9	3424
1998	9	3424
1999	9	3424
2000	8	3418
2001	8	3425
2002	9	3424
2003	7	3426
2004	9	3424
2005	10	3422
2006	5	3428
2007	7	3426
2008	10	3423
2009	8	3425
2010	8	3425
2011	12	3421
2012	8	3424
2013	10	3423
2014	9	3423
2015	10	3422
2016	10	3423
2017	9	3424
2018	11	3421
2019	11	3422
2020	14	3419
2021	6	3427
2022	6	3427
2023	11	3417
2024	11	3422
2025	12	3421
2026	9	3424
2027	6	3427
2028	12	3421
2029	8	3424
2030	13	3419
2031	11	3422
2032	9	3424
2033	11	3422
2034	9	3424
2035	7	3426
2036	8	3424
2037	10	3422
2038	11	3422
2039	9	3424
2040	8	3425
2041	8	3425
2042	7	3420
2043	9	3423
2044	10	3423
2045	7	3425
2046	10	3417
2047	11	3421
2048	7	3425
2049	8	3424
2050	13	3420
2051	10	3423
2052	10	3423
2053	9	3423
2054	12	3420
2055	5	3428
2056	11	3422
2057	6	3427
2058	9	3424
2059	15	3418
2060	13	3420
2061	6	3426
2062	8	3425
2063	10	3422
2064	12	3420
2065	8	3424
2066	10	3423
2067	7	3426
2068	13	3420
2069	5	3428
2070	14	3419
2071	12	3421
2072	8	3425
2073	9	3422
2074	7	3426
2075	12	3421
2076	13	3420
2077	9	3424
2078	7	3426
2079	5	3428
2080	10	3423
2081	12	3421
2082	12	3419
2083	9	3424
2084	13	3419
2085	8	3425
2086	8	3425
2087	12	3421
2088	12	3421
2089	8	3425
2090	16	3417
2091	10	3423
2092	11	3422
2093	8	3424
2094	14	3418
2095	7	3426
2096	8	3425
2097	9	3424
2098	11	3422
2099	8	3425
2100	12	3416
2101	14	3418
2102	9	3424
2103	13	3420
2104	12	3421
2105	7	3426
2106	9	3424
2107	9	3424
2108	12	3421
2109	11	3422
2110	8	3425
2111	7	3426
2112	9	3424
2113	10	3423
2114	8	3425
2115	5	3428
2116	10	3417
2117	6	3427
2118	6	3427
2119	12	3415
2120	8	3425
2121	7	3426
2122	5	3428
2123	10	3423
2124	7	3426
2125	10	3423
2126	14	3418
2127	4	3429
2128	11	3421
2129	7	3426
2130	8	3425
2131	10	3423
2132	8	3425
2133	10	3423
2134	11	3422
2135	5	3428
2136	12	3421
2137	10	3423
2138	5	3428
2139	13	3419
2140	12	3421
2141	7	3425
2142	7	3426
2143	12	3420
2144	10	3423
2145	11	3422
2146	10	3423
2147	11	3421
2148	8	3425
2149	5	3428
2150	6	3422
2151	9	3424
2152	6	3426
2153	11	3417
2154	9	3424
2155	8	3420
2156	12	3421
2157	7	3426
2158	11	3411
2159	8	3425
2160	8	3425
2161	9	3423
2162	9	3424
2163	8	3425
2164	15	3418
2165	10	3423
2166	9	3424
2167	8	3425
2168	4	3429
2169	7	3426
2170	8	3425
2171	8	3425
2172	12	3421
2173	6	3427
2174	6	3427
2175	12	3421
2176	15	3418
2177	9	3424
2178	7	3426
2179	10	3423
2180	7	3426
2181	6	3427
2182	10	3422
2183	10	3423
2184	12	3420
2185	8	3425
2186	7	3426
2187	13	3420
2188	5	3428
2189	4	3429
2190	9	3424
2191	11	3422
2192	12	3421
2193	7	3425
2194	5	3428
2195	8	3425
2196	13	3419
2197	9	3424
2198	12	3420
2199	6	3427
2200	18	3415
2201	10	3423
2202	8	3425
2203	6	3425
2204	12	3421
2205	11	3422
2206	11	3422
2207	14	3419
2208	13	3420
2209	10	3423
2210	8	3424
2211	8	3425
2212	12	3416
2213	9	3424
2214	7	3426
2215	6	3427
2216	10	3423
2217	12	3420
2218	9	3424
2219	7	3426
2220	10	3423
2221	7	3426
2222	10	3423
2223	11	3422
2224	4	3429
2225	11	3422
2226	7	3426
2227	9	3424
2228	8	3425
2229	10	3423
2230	7	3426
2231	5	3428
2232	9	3424
2233	13	3420
2234	3	3430
2235	9	3424
2236	5	3428
2237	7	3426
2238	7	3421
2239	9	3424
2240	13	3420
2241	9	3423
2242	11	3422
2243	9	3424
2244	11	3422
2245	6	3427
2246	4	3429
2247	9	3424
2248	5	3428
2249	8	3425
2250	9	3424
2251	11	3422
2252	8	3424
2253	8	3425
2254	7	3426
2255	6	3426
2256	7	3425
2257	11	3422
2258	10	3423
2259	8	3425
2260	12	3421
2261	8	3425
2262	12	3419
2263	11	3422
2264	6	3427
2265	11	3422
2266	8	3424
2267	10	3423
2268	11	3421
2269	8	3425
2270	10	3423
2271	8	3425
2272	14	3419
2273	10	3421
2274	9	3424
2275	10	3423
2276	12	3420
2277	16	3417
2278	12	3421
2279	6	3427
2280	12	3421
2281	12	3421
2282	7	3420
2283	11	3422
2284	11	3422
2285	13	3420
2286	7	3426
2287	11	3422
2288	10	3422
2289	7	3426
2290	9	3423
2291	9	3424
2292	7	3426
2293	10	3423
2294	9	3424
2295	12	3420
2296	9	3424
2297	8	3425
2298	16	3414
2299	11	3422
2300	15	3418
2301	7	3426
2302	12	3421
2303	10	3423
2304	10	3423
2305	10	3423
2306	10	3423
2307	12	3421
2308	11	3422
2309	10	3423
2310	5	3428
2311	9	3424
2312	14	3419
2313	10	3423
2314	7	3426
2315	7	3426
2316	14	3419
2317	11	3422
2318	9	3424
2319	10	3423
2320	12	3421
2321	11	3422
2322	6	3421
2323	9	3424
2324	11	3421
2325	15	3417
2326	12	3420
2327	11	3420
2328	10	3423
2329	9	3424
2330	10	3423
2331	12	3420
2332	12	3420
2333	12	3420
2334	7	3426
2335	13	3420
2336	6	3427
2337	13	3420
2338	12	3419
2339	6	3427
2340	7	3426
2341	9	3423
2342	8	3425
2343	12	3421
2344	15	3418
2345	13	3420
2346	9	3424
2347	10	3423
2348	11	3422
2349	12	3421
2350	15	3418
2351	9	3424
2352	6	3427
2353	11	3417
2354	9	3424
2355	9	3424
2356	16	3417
2357	11	3421
2358	8	3425
2359	13	3420
2360	10	3423
2361	10	3422
2362	10	3417
2363	7	3426
2364	13	3413
2365	8	3419
2366	10	3422
2367	6	3427
2368	10	3423
2369	12	3421
2370	10	3423
2371	10	3423
2372	11	3421
2373	11	3421
2374	7	3426
2375	9	3424
2376	8	3424
2377	16	3417
2378	12	3421
2379	10	3423
2380	12	3420
2381	10	3423
2382	6	3427
2383	8	3425
2384	11	3422
2385	10	3423
2386	7	3426
2387	10	3423
2388	9	3424
2389	10	3423
2390	9	3424
2391	12	3421
2392	15	3412
2393	9	3424
2394	7	3426
2395	15	3418
2396	13	3420
2397	9	3424
2398	13	3420
2399	9	3424
2400	11	3422
2401	9	3424
2402	14	3419
2403	12	3421
2404	15	3418
2405	10	3423
2406	11	3422
2407	11	3422
2408	8	3425
2409	13	3420
2410	13	3415
2411	8	3425
2412	12	3420
2413	7	3426
2414	3	3430
2415	12	3421
2416	7	3425
2417	7	3426
2418	8	3425
2419	10	3423
2420	12	3421
2421	12	3421
2422	14	3419
2423	8	3425
2424	15	3418
2425	12	3416
2426	10	3423
2427	9	3424
2428	9	3424
2429	8	3425
2430	13	3419
2431	8	3425
2432	11	3421
2433	14	3419
2434	10	3423
2435	10	3423
2436	10	3423
2437	12	3421
2438	9	3423
2439	14	3419
2440	14	3419
2441	9	3423
2442	8	3425
2443	5	3428
2444	6	3426
2445	16	3417
2446	6	3427
2447	12	3421
2448	12	3421
2449	16	3415
2450	4	3429
2451	10	3423
2452	14	3419
2453	11	3422
2454	6	3427
2455	17	3409
2456	9	3424
2457	9	3424
2458	11	3421
2459	12	3421
2460	9	3424
2461	8	3425
2462	10	3423
2463	9	3424
2464	5	3428
2465	14	3419
2466	7	3425
2467	7	3421
2468	10	3421
2469	11	3422
2470	9	3424
2471	6	3427
2472	10	3422
2473	10	3423
2474	9	3424
2475	9	3424
2476	8	3425
2477	10	3423
2478	10	3423
2479	13	3419
2480	11	3421
2481	11	3422
2482	11	3422
2483	15	3417
2484	10	3422
2485	15	3418
2486	13	3418
2487	5	3428
2488	8	3425
2489	14	3419
2490	10	3416
2491	8	3425
2492	14	3419
2493	8	3424
2494	14	3418
2495	16	3417
2496	5	3427
2497	8	3424
2498	12	3421
2499	11	3417
2500	8	3425
2501	12	3421
2502	8	3423
2503	12	3421
2504	6	3426
2505	11	3421
2506	11	3421
2507	12	3421
2508	15	3418
2509	13	3420
2510	13	3420
2511	13	3419
2512	12	3416
2513	11	3420
2514	9	3424
2515	13	3414
2516	11	3422
2517	9	3424
2518	6	3426
2519	6	3427
2520	13	3419
2521	12	3421
2522	11	3417
2523	9	3424
2524	11	3422
2525	11	3422
2526	10	3422
2527	6	3427
2528	11	3422
2529	7	3426
2530	8	3425
2531	7	3426
2532	15	3418
2533	14	3419
2534	8	3425
2535	12	3421
2536	8	3425
2537	11	3422
2538	9	3423
2539	8	3424
2540	10	3423
2541	7	3425
2542	9	3424
2543	11	3420
2544	8	3425
2545	12	3421
2546	11	3421
2547	7	3426
2548	8	3425
2549	13	3419
2550	9	3424
2551	10	3423
2552	12	3421
2553	12	3421
2554	7	3426
2555	3	3430
2556	16	3417
2557	14	3418
2558	7	3426
2559	14	3419
2560	9	3424
2561	10	3423
2562	11	3422
2563	13	3415
2564	11	3422
2565	10	3423
2566	9	3424
2567	8	3425
2568	5	3428
2569	10	3423
2570	8	3425
2571	15	3417
2572	8	3425
2573	9	3423
2574	8	3425
2575	11	3421
2576	9	3424
2577	13	3420
2578	10	3417
2579	8	3425
2580	9	3424
2581	11	3414
2582	10	3423
2583	10	3423
2584	15	3418
2585	11	3420
2586	12	3421
2587	8	3425
2588	9	3424
2589	8	3424
2590	11	3422
2591	8	3424
2592	8	3425
2593	8	3424
2594	9	3424
2595	12	3421
2596	10	3422
2597	14	3414
2598	13	3420
2599	9	3424
2600	11	3421
2601	5	3428
2602	9	3418
2603	15	3418
2604	10	3423
2605	11	3422
2606	10	3423
2607	12	3420
2608	9	3424
2609	10	3422
2610	13	3419
2611	9	3424
2612	9	3424
2613	15	3418
2614	5	3428
2615	9	3424
2616	10	3423
2617	16	3416
2618	11	3422
2619	7	3426
2620	9	3424
2621	12	3421
2622	11	3422
2623	5	3427
2624	14	3419
2625	9	3424
2626	10	3423
2627	10	3423
2628	13	3420
2629	10	3423
2630	13	3420
2631	11	3422
2632	10	3418
2633	10	3423
2634	13	3420
2635	5	3428
2636	13	3420
2637	12	3421
2638	13	3420
2639	14	3419
2640	7	3426
2641	8	3420
2642	7	3425
2643	10	3423
2644	9	3422
2645	13	3418
2646	15	3418
2647	10	3423
2648	14	3419
2649	9	3424
2650	13	3420
2651	5	3428
2652	13	3419
2653	10	3423
2654	16	3417
2655	12	3421
2656	14	3414
2657	16	3417
2658	9	3424
2659	11	3415
2660	15	3417
2661	12	3421
2662	11	3421
2663	11	3422
2664	13	3420
2665	13	3418
2666	10	3423
2667	13	3420
2668	13	3420
2669	14	3418
2670	19	3413
2671	11	3421
2672	10	3422
2673	8	3425
2674	11	3422
2675	7	3426
2676	12	3421
2677	15	3418
2678	9	3424
2679	6	3427
2680	14	3418
2681	12	3421
2682	18	3409
2683	5	3428
2684	16	3417
2685	14	3418
2686	13	3420
2687	6	3427
2688	14	3419
2689	9	3424
2690	12	3421
2691	10	3422
2692	10	3423
2693	12	3421
2694	17	3415
2695	11	3422
2696	10	3423
2697	13	3420
2698	13	3419
2699	16	3416
2700	14	3419
2701	17	3416
2702	9	3424
2703	16	3416
2704	12	3421
2705	15	3418
2706	11	3421
2707	10	3423
2708	11	3422
2709	12	3421
2710	13	3420
2711	14	3419
2712	9	3424
2713	9	3424
2714	10	3422
2715	11	3422
2716	14	3419
2717	10	3423
2718	13	3420
2719	10	3423
2720	8	3425
2721	12	3421
2722	13	3420
2723	9	3424
2724	10	3423
2725	10	3423
2726	12	3420
2727	7	3426
2728	9	3424
2729	10	3423
2730	9	3424
2731	6	3427
2732	11	3422
2733	10	3422
2734	10	3423
2735	13	3420
2736	8	3425
2737	11	3421
2738	16	3416
2739	13	3420
2740	10	3423
2741	16	3411
2742	11	3422
2743	9	3424
2744	9	3423
2745	10	3423
2746	11	3421
2747	11	3422
2748	10	3422
2749	10	3423
2750	11	3422
2751	10	3422
2752	14	3413
2753	12	3421
2754	13	3420
2755	6	3427
2756	9	3424
2757	15	3418
2758	9	3424
2759	15	3418
2760	10	3423
2761	13	3420
2762	15	3418
2763	10	3423
2764	14	3419
2765	15	3418
2766	18	3415
2767	8	3425
2768	8	3425
2769	9	3423
2770	12	3421
2771	11	3422
2772	9	3424
2773	11	3422
2774	14	3419
2775	6	3427
2776	9	3424
2777	9	3423
2778	12	3421
2779	9	3424
2780	8	3425
2781	10	3423
2782	14	3419
2783	10	3423
2784	12	3421
2785	9	3424
2786	3	3430
2787	12	3421
2788	16	3417
2789	9	3424
2790	9	3424
2791	7	3426
2792	11	3422
2793	9	3423
2794	10	3423
2795	7	3426
2796	15	3411
2797	15	3417
2798	9	3423
2799	10	3423
2800	9	3424
2801	8	3425
2802	6	3427
2803	8	3425
2804	9	3423
2805	14	3418
2806	14	3419
2807	10	3418
2808	17	3416
2809	13	3420
2810	10	3423
2811	14	3418
2812	12	3421
2813	6	3427
2814	12	3421
2815	20	3407
2816	11	3422
2817	9	3419
2818	13	3420
2819	14	3419
2820	14	3419
2821	12	3421
2822	15	3416
2823	7	3426
2824	14	3418
2825	13	3420
2826	11	3422
2827	10	3423
2828	9	3424
2829	8	3425
2830	13	3419
2831	11	3422
2832	13	3420
2833	15	3418
2834	14	3419
2835	9	3423
2836	10	3418
2837	12	3421
2838	10	3423
2839	11	3421
2840	13	3420
2841	7	3426
2842	11	3422
2843	10	3423
2844	13	3420
2845	9	3424
2846	12	3421
2847	15	3418
2848	10	3423
2849	8	3425
2850	14	3419
2851	19	3414
2852	6	3427
2853	8	3425
2854	12	3421
2855	15	3417
2856	7	3426
2857	7	3426
2858	13	3420
2859	12	3421
2860	10	3423
2861	12	3421
2862	12	3421
2863	12	3421
2864	13	3420
2865	12	3421
2866	12	3421
2867	9	3424
2868	13	3419
2869	7	3426
2870	12	3421
2871	16	3417
2872	16	3417
2873	13	3420
2874	13	3420
2875	13	3420
2876	14	3419
2877	17	3416
2878	14	3418
2879	10	3423
2880	6	3427
2881	15	3418
2882	11	3421
2883	12	3421
2884	6	3427
2885	10	3423
2886	10	3422
2887	11	3422
2888	15	3418
2889	11	3421
2890	13	3420
2891	15	3418
2892	16	3417
2893	11	3422
2894	11	3422
2895	10	3423
2896	4	3429
2897	8	3425
2898	13	3420
2899	14	3419
2900	12	3421
2901	12	3421
2902	5	3428
2903	11	3422
2904	6	3427
2905	15	3418
2906	13	3420
2907	9	3424
2908	12	3421
2909	16	3417
2910	7	3425
2911	14	3418
2912	12	3421
2913	7	3425
2914	11	3422
2915	10	3423
2916	8	3425
2917	11	3422
2918	14	3419
2919	17	3416
2920	17	3416
2921	7	3426
2922	9	3423
2923	12	3420
2924	13	3420
2925	15	3418
2926	11	3422
2927	12	3421
2928	11	3422
2929	8	3425
2930	13	3420
2931	9	3424
2932	11	3421
2933	11	3421
2934	10	3423
2935	8	3425
2936	12	3421
2937	14	3419
2938	12	3421
2939	8	3425
2940	10	3422
2941	8	3425
2942	9	3424
2943	8	3420
2944	10	3423
2945	9	3424
2946	12	3420
2947	20	3412
2948	7	3424
2949	12	3420
2950	16	3417
2951	12	3421
2952	21	3412
2953	8	3425
2954	13	3420
2955	10	3423
2956	8	3425
2957	6	3427
2958	6	3427
2959	14	3418
2960	15	3417
2961	11	3421
2962	9	3424
2963	7	3425
2964	14	3419
2965	11	3422
2966	15	3418
2967	14	3419
2968	6	3427
2969	13	3420
2970	7	3426
2971	5	3428
2972	10	3423
2973	9	3424
2974	16	3417
2975	16	3416
2976	12	3421
2977	15	3418
2978	15	3418
2979	13	3420
2980	13	3420
2981	12	3420
2982	10	3423
2983	8	3425
2984	12	3421
2985	14	3419
2986	11	3422
2987	12	3421
2988	10	3422
2989	14	3418
2990	8	3424
2991	6	3427
2992	12	3421
2993	9	3424
2994	18	3404
2995	11	3422
2996	14	3419
2997	8	3424
2998	13	3420
2999	11	3422
3000	7	3426
3001	9	3424
3002	8	3425
3003	13	3420
3004	10	3423
3005	9	3424
3006	8	3424
3007	10	3423
3008	9	3424
3009	7	3425
3010	9	3424
3011	15	3418
3012	13	3419
3013	14	3419
3014	14	3419
3015	15	3418
3016	10	3423
3017	9	3424
3018	9	3424
3019	9	3423
3020	11	3421
3021	12	3421
3022	12	3419
3023	11	3422
3024	12	3420
3025	8	3425
3026	11	3422
3027	12	3421
3028	11	3421
3029	6	3427
3030	10	3423
3031	12	3421
3032	11	3422
3033	8	3425
3034	9	3424
3035	8	3412
3036	11	3422
3037	10	3423
3038	15	3417
3039	9	3424
3040	11	3422
3041	15	3416
3042	8	3425
3043	14	3419
3044	11	3422
3045	8	3425
3046	9	3424
3047	2	3431
3048	10	3422
3049	11	3422
3050	13	3419
3051	13	3419
3052	17	3416
3053	15	3417
3054	6	3427
3055	12	3421
3056	16	3416
3057	13	3419
3058	15	3417
3059	12	3421
3060	11	3422
3061	12	3420
3062	11	3420
3063	12	3421
3064	9	3424
3065	9	3424
3066	13	3420
3067	11	3422
3068	13	3420
3069	9	3424
3070	14	3419
3071	10	3421
3072	12	3420
3073	12	3421
3074	14	3419
3075	9	3424
3076	6	3427
3077	17	3416
3078	8	3425
3079	16	3417
3080	7	3426
3081	7	3426
3082	14	3418
3083	12	3421
3084	6	3427
3085	11	3421
3086	13	3419
3087	11	3422
3088	9	3424
3089	11	3421
3090	13	3420
3091	8	3425
3092	9	3424
3093	9	3424
3094	15	3418
3095	18	3415
3096	10	3423
3097	13	3420
3098	11	3422
3099	12	3421
3100	9	3424
3101	10	3422
3102	16	3417
3103	8	3424
3104	17	3415
3105	9	3424
3106	12	3420
3107	12	3421
3108	18	3415
3109	10	3423
3110	12	3421
3111	13	3419
3112	13	3419
3113	11	3422
3114	11	3421
3115	17	3416
3116	16	3417
3117	9	3424
3118	13	3420
3119	9	3424
3120	11	3422
3121	10	3423
3122	13	3420
3123	11	3422
3124	13	3420
3125	14	3419
3126	9	3423
3127	14	3419
3128	12	3420
3129	12	3421
3130	6	3427
3131	8	3425
3132	12	3420
3133	15	3418
3134	18	3415
3135	13	3420
3136	10	3423
3137	6	3427
3138	9	3424
3139	7	3425
3140	8	3425
3141	12	3421
3142	10	3423
3143	13	3420
3144	8	3425
3145	7	3426
3146	12	3421
3147	11	3422
3148	11	3422
3149	11	3422
3150	9	3424
3151	11	3421
3152	11	3422
3153	10	3423
3154	15	3418
3155	9	3424
3156	10	3423
3157	16	3417
3158	13	3420
3159	14	3419
3160	11	3422
3161	7	3426
3162	17	3416
3163	10	3423
3164	13	3420
3165	11	3420
3166	14	3419
3167	18	3415
3168	9	3424
3169	9	3424
3170	8	3425
3171	11	3422
3172	16	3417
3173	10	3423
3174	6	3427
3175	15	3418
3176	9	3424
3177	14	3419
3178	9	3424
3179	15	3418
3180	9	3424
3181	14	3419
3182	15	3418
3183	13	3420
3184	9	3424
3185	6	3427
3186	11	3422
3187	12	3420
3188	14	3419
3189	10	3423
3190	11	3422
3191	15	3418
3192	11	3422
3193	14	3419
3194	7	3425
3195	11	3422
3196	18	3414
3197	15	3418
3198	7	3425
3199	14	3419
3200	11	3421
3201	14	3418
3202	9	3424
3203	13	3420
3204	15	3417
3205	7	3426
3206	13	3418
3207	13	3419
3208	10	3423
3209	6	3427
3210	10	3422
3211	9	3424
3212	9	3423
3213	13	3418
3214	13	3419
3215	8	3425
3216	11	3422
3217	13	3420
3218	7	3425
3219	11	3422
3220	10	3423
3221	7	3426
3222	9	3424
3223	10	3423
3224	10	3418
3225	16	3417
3226	10	3421
3227	13	3420
3228	7	3426
3229	16	3416
3230	10	3423
3231	9	3424
3232	10	3417
3233	13	3420
3234	11	3422
3235	13	3420
3236	14	3419
3237	9	3424
3238	9	3423
3239	11	3422
3240	5	3428
3241	11	3422
3242	8	3425
3243	9	3424
3244	6	3427
3245	9	3424
3246	11	3420
3247	9	3424
3248	12	3420
3249	6	3427
3250	11	3422
3251	12	3420
3252	6	3427
3253	8	3425
3254	14	3418
3255	10	3423
3256	14	3419
3257	12	3421
3258	11	3421
3259	11	3422
3260	10	3423
3261	11	3422
3262	10	3423
3263	9	3424
3264	11	3422
3265	9	3424
3266	9	3423
3267	11	3421
3268	12	3420
3269	13	3420
3270	6	3427
3271	15	3417
3272	11	3422
3273	8	3424
3274	13	3420
3275	6	3427
3276	13	3419
3277	6	3427
3278	9	3424
3279	8	3425
3280	9	3424
3281	12	3421
3282	8	3425
3283	15	3412
3284	7	3426
3285	7	3426
3286	14	3419
3287	7	3426
3288	11	3421
3289	10	3423
3290	10	3423
3291	11	3422
3292	11	3421
3293	12	3421
3294	7	3420
3295	10	3422
3296	18	3407
3297	14	3413
3298	11	3422
3299	11	3421
3300	9	3423
3301	11	3422
3302	16	3417
3303	12	3420
3304	10	3423
3305	10	3423
3306	11	3421
3307	7	3426
3308	9	3424
3309	10	3422
3310	12	3420
3311	10	3417
3312	10	3422
3313	9	3423
3314	8	3425
3315	12	3421
3316	9	3424
3317	7	3426
3318	9	3424
3319	8	3424
3320	11	3422
3321	11	3422
3322	15	3418
3323	8	3424
3324	9	3423
3325	7	3425
3326	8	3425
3327	13	3420
3328	13	3420
3329	14	3419
3330	13	3415
3331	10	3423
3332	8	3425
3333	10	3423
3334	11	3422
3335	8	3424
3336	12	3421
3337	11	3422
3338	10	3423
3339	6	3427
3340	9	3424
3341	14	3418
3342	8	3425
3343	10	3422
3344	11	3421
3345	10	3423
3346	8	3425
3347	22	3410
3348	7	3426
3349	6	3426
3350	8	3424
3351	7	3424
3352	11	3421
3353	17	3416
3354	11	3421
3355	9	3424
3356	11	3422
3357	7	3426
3358	12	3421
3359	12	3421
3360	10	3423
3361	9	3424
3362	6	3427
3363	9	3424
3364	13	3420
3365	12	3421
3366	12	3421
3367	9	3422
3368	12	3421
3369	9	3424
3370	11	3422
3371	10	3423
3372	12	3420
3373	10	3422
3374	8	3425
3375	14	3419
3376	12	3421
3377	12	3421
3378	6	3426
3379	9	3423
3380	10	3423
3381	13	3415
3382	7	3426
3383	13	3420
3384	10	3423
3385	11	3422
3386	9	3423
3387	5	3426
3388	7	3426
3389	16	3416
3390	14	3419
3391	2	3431
3392	12	3421
3393	7	3426
3394	9	3424
3395	10	3423
3396	12	3421
3397	9	3424
3398	11	3422
3399	9	3424
3400	6	3425
3401	7	3426
3402	10	3423
3403	7	3425
3404	13	3420
3405	10	3423
3406	11	3422
3407	8	3425
3408	11	3422
3409	13	3420
3410	14	3416
3411	10	3422
3412	7	3426
3413	14	3419
3414	13	3420
3415	17	3416
3416	12	3420
3417	11	3422
3418	11	3422
3419	4	3429
3420	9	3424
3421	12	3419
3422	13	3419
3423	9	3424
3424	14	3418
3425	11	3422
3426	15	3413
3427	12	3421
3428	10	3423
3429	11	3421
3430	6	3427
3431	12	3421
3432	13	3415
3433	8	3425
3434	8	3424
3435	11	3422
3436	9	3424
3437	14	3418
3438	8	3425
3439	7	3426
3440	11	3422
3441	13	3420
3442	13	3420
3443	8	3424
3444	19	3414
3445	17	3416
3446	13	3419
3447	11	3422
3448	12	3421
3449	9	3424
3450	7	3425
3451	9	3424
3452	11	3422
3453	8	3424
3454	10	3423
3455	11	3422
3456	12	3421
3457	14	3419
3458	10	3423
3459	9	3424
3460	10	3423
3461	16	3417
3462	15	3417
3463	12	3421
3464	16	3417
3465	6	3426
3466	9	3423
3467	14	3419
3468	9	3424
3469	14	3418
3470	12	3421
3471	12	3421
3472	13	3419
3473	11	3422
3474	14	3418
3475	11	3422
3476	14	3419
3477	13	3410
3478	16	3417
3479	13	3418
3480	9	3424
3481	12	3421
3482	11	3421
3483	14	3419
3484	17	3416
3485	17	3416
3486	14	3419
3487	11	3422
3488	12	3419
3489	15	3418
3490	17	3416
3491	8	3425
3492	9	3424
3493	15	3418
3494	5	3428
3495	10	3423
3496	13	3420
3497	15	3416
3498	12	3421
3499	9	3424
3500	12	3421
3501	12	3421
3502	12	3416
3503	12	3421
3504	9	3424
3505	12	3421
3506	15	3418
3507	9	3424
3508	16	3417
3509	11	3422
3510	10	3423
3511	8	3425
3512	14	3419
3513	11	3422
3514	12	3421
3515	12	3421
3516	12	3421
3517	12	3421
3518	9	3423
3519	11	3421
3520	12	3421
3521	10	3423
3522	13	3419
3523	9	3423
3524	6	3427
3525	13	3418
3526	9	3424
3527	10	3423
3528	8	3425
3529	11	3422
3530	17	3416
3531	12	3421
3532	8	3425
3533	19	3414
3534	15	3417
3535	12	3420
3536	9	3424
3537	15	3417
3538	10	3423
3539	12	3421
3540	20	3413
3541	13	3420
3542	8	3425
3543	14	3418
3544	12	3421
3545	16	3417
3546	14	3419
3547	11	3417
3548	11	3422
3549	9	3424
3550	10	3423
3551	8	3425
3552	10	3423
3553	12	3420
3554	11	3422
3555	12	3420
3556	12	3421
3557	10	3423
3558	10	3422
3559	13	3420
3560	11	3411
3561	10	3421
3562	8	3424
3563	15	3417
3564	15	3418
3565	10	3423
3566	13	3420
3567	12	3421
3568	13	3420
3569	12	3421
3570	15	3417
3571	11	3422
3572	2	3431
3573	10	3423
3574	9	3424
3575	9	3424
3576	10	3423
3577	8	3425
3578	12	3421
3579	8	3425
3580	9	3424
3581	13	3420
3582	8	3424
3583	12	3421
3584	14	3418
3585	7	3426
3586	9	3424
3587	14	3418
3588	10	3423
3589	9	3424
3590	9	3424
3591	15	3417
3592	12	3421
3593	13	3419
3594	9	3424
3595	10	3423
3596	14	3418
3597	10	3422
3598	13	3419
3599	8	3425
3600	12	3421
3601	13	3420
3602	11	3422
3603	12	3421
3604	12	3421
3605	12	3421
3606	10	3423
3607	8	3425
3608	7	3426
3609	6	3427
3610	10	3423
3611	12	3420
3612	15	3418
3613	12	3421
3614	12	3421
3615	13	3420
3616	10	3421
3617	15	3418
3618	14	3414
3619	9	3424
3620	7	3426
3621	13	3420
3622	18	3415
3623	14	3419
3624	14	3419
3625	13	3420
3626	9	3424
3627	6	3425
3628	12	3421
3629	10	3423
3630	11	3420
3631	12	3421
3632	15	3417
3633	14	3418
3634	14	3419
3635	12	3421
3636	14	3414
3637	12	3421
3638	9	3424
3639	12	3421
3640	10	3423
3641	7	3426
3642	9	3423
3643	14	3418
3644	11	3422
3645	15	3418
3646	10	3423
3647	10	3423
3648	13	3418
3649	9	3424
3650	13	3420
3651	11	3422
3652	9	3424
3653	7	3426
3654	12	3421
3655	14	3419
3656	14	3413
3657	8	3425
3658	8	3425
3659	12	3421
3660	19	3414
3661	10	3423
3662	8	3425
3663	7	3426
3664	5	3428
3665	14	3419
3666	8	3419
3667	8	3425
3668	15	3411
3669	13	3420
3670	11	3421
3671	12	3420
3672	8	3424
3673	13	3420
3674	14	3419
3675	7	3426
3676	13	3419
3677	15	3418
3678	9	3424
3679	11	3422
3680	10	3423
3681	7	3426
3682	9	3424
3683	9	3424
3684	8	3425
3685	15	3411
3686	13	3420
3687	9	3424
3688	10	3421
3689	15	3417
3690	12	3419
3691	10	3423
3692	8	3425
3693	9	3424
3694	12	3419
3695	7	3426
3696	8	3425
3697	6	3427
3698	11	3422
3699	10	3423
3700	12	3421
3701	8	3425
3702	9	3424
3703	7	3426
3704	11	3422
3705	10	3423
3706	10	3423
3707	13	3420
3708	16	3417
3709	12	3421
3710	11	3422
3711	13	3420
3712	7	3426
3713	17	3416
3714	12	3421
3715	15	3418
3716	20	3413
3717	9	3424
3718	10	3418
3719	16	3417
3720	14	3419
3721	7	3426
3722	8	3425
3723	9	3424
3724	11	3422
3725	13	3420
3726	11	3422
3727	12	3421
3728	8	3425
3729	9	3424
3730	14	3419
3731	10	3423
3732	13	3420
3733	15	3418
3734	10	3423
3735	14	3419
3736	12	3420
3737	12	3421
3738	7	3426
3739	10	3422
3740	13	3420
3741	14	3419
3742	14	3419
3743	10	3423
3744	11	3422
3745	13	3420
3746	7	3426
3747	8	3424
3748	8	3425
3749	5	3428
3750	13	3419
3751	8	3425
3752	11	3422
3753	11	3422
3754	11	3417
3755	16	3417
3756	13	3420
3757	10	3423
3758	14	3419
3759	11	3422
3760	17	3416
3761	9	3424
3762	7	3426
3763	10	3423
3764	11	3422
3765	9	3424
3766	9	3424
3767	8	3425
3768	12	3421
3769	6	3427
3770	17	3416
3771	11	3422
3772	6	3427
3773	11	3422
3774	11	3422
3775	9	3424
3776	11	3422
3777	15	3417
3778	12	3421
3779	11	3421
3780	12	3421
3781	13	3415
3782	9	3423
3783	7	3426
3784	12	3421
3785	12	3421
3786	9	3424
3787	17	3415
3788	9	3418
3789	9	3424
3790	12	3421
3791	12	3421
3792	13	3420
3793	12	3421
3794	18	3415
3795	9	3424
3796	10	3423
3797	7	3426
3798	17	3416
3799	12	3421
3800	9	3424
3801	14	3419
3802	11	3422
3803	8	3424
3804	11	3421
3805	13	3420
3806	5	3428
3807	16	3417
3808	12	3420
3809	10	3423
3810	6	3427
3811	9	3424
3812	11	3421
3813	13	3420
3814	7	3425
3815	13	3420
3816	18	3415
3817	11	3422
3818	14	3414
3819	11	3422
3820	8	3425
3821	10	3423
3822	8	3425
3823	18	3415
3824	12	3421
3825	11	3422
3826	12	3421
3827	10	3423
3828	17	3416
3829	13	3420
3830	10	3423
3831	15	3418
3832	12	3421
3833	17	3416
3834	11	3422
3835	12	3421
3836	11	3422
3837	17	3416
3838	9	3424
3839	9	3423
3840	12	3416
3841	9	3422
3842	9	3424
3843	9	3424
3844	7	3426
3845	10	3423
3846	8	3425
3847	8	3425
3848	13	3420
3849	13	3420
3850	13	3420
3851	7	3426
3852	15	3418
3853	10	3423
3854	10	3423
3855	10	3423
3856	15	3418
3857	12	3420
3858	9	3424
3859	8	3425
3860	12	3421
3861	11	3421
3862	14	3419
3863	8	3425
3864	7	3425
3865	10	3417
3866	13	3420
3867	9	3423
3868	8	3425
3869	13	3414
3870	8	3425
3871	9	3423
3872	9	3423
3873	11	3422
3874	13	3420
3875	14	3419
3876	11	3422
3877	10	3423
3878	8	3425
3879	5	3428
3880	17	3416
3881	6	3427
3882	8	3425
3883	14	3419
3884	11	3422
3885	11	3422
3886	11	3422
3887	11	3422
3888	13	3420
3889	10	3418
3890	11	3422
3891	11	3421
3892	13	3419
3893	18	3415
3894	12	3421
3895	15	3418
3896	10	3423
3897	11	3422
3898	11	3422
3899	10	3422
3900	9	3423
3901	9	3424
3902	18	3410
3903	11	3417
3904	9	3424
3905	7	3426
3906	9	3423
3907	8	3425
3908	11	3421
3909	8	3425
3910	8	3425
3911	13	3420
3912	12	3421
3913	9	3423
3914	11	3420
3915	11	3415
3916	10	3423
3917	12	3421
3918	9	3424
3919	14	3419
3920	15	3417
3921	8	3425
3922	11	3422
3923	10	3423
3924	13	3420
3925	9	3422
3926	13	3414
3927	10	3422
3928	10	3423
3929	10	3422
3930	7	3426
3931	16	3415
3932	10	3423
3933	10	3423
3934	10	3423
3935	8	3425
3936	10	3423
3937	10	3423
3938	11	3422
3939	12	3421
3940	11	3422
3941	13	3420
3942	13	3420
3943	11	3422
3944	14	3414
3945	10	3422
3946	11	3422
3947	9	3424
3948	9	3424
3949	14	3419
3950	9	3423
3951	10	3422
3952	15	3418
3953	14	3418
3954	15	3417
3955	9	3418
3956	10	3423
3957	13	3420
3958	15	3418
3959	12	3421
3960	8	3425
3961	13	3420
3962	11	3422
3963	12	3421
3964	7	3426
3965	13	3420
3966	9	3423
3967	12	3421
3968	12	3421
3969	11	3422
3970	10	3423
3971	7	3426
3972	8	3425
3973	19	3414
3974	9	3418
3975	5	3428
3976	10	3423
3977	14	3419
3978	8	3425
3979	12	3421
3980	9	3424
3981	11	3422
3982	9	3424
3983	10	3423
3984	9	3424
3985	14	3419
3986	6	3427
3987	11	3422
3988	11	3422
3989	10	3422
3990	16	3417
3991	10	3423
3992	13	3413
3993	17	3416
3994	9	3422
3995	5	3428
3996	7	3426
3997	9	3424
3998	13	3420
3999	12	3421
4000	12	3421
4001	13	3420
4002	10	3422
4003	12	3421
4004	15	3418
4005	12	3421
4006	6	3427
4007	9	3424
4008	9	3424
4009	11	3422
4010	12	3420
4011	6	3427
4012	7	3426
4013	7	3425
4014	10	3423
4015	13	3420
4016	12	3420
4017	7	3426
4018	14	3419
4019	7	3426
4020	6	3427
4021	8	3425
4022	8	3425
4023	10	3423
4024	16	3417
4025	12	3421
4026	5	3427
4027	10	3422
4028	9	3424
4029	9	3424
4030	13	3420
4031	11	3422
4032	12	3421
4033	10	3423
4034	8	3425
4035	12	3418
4036	11	3422
4037	15	3417
4038	14	3419
4039	8	3425
4040	8	3419
4041	17	3415
4042	12	3421
4043	13	3420
4044	19	3413
4045	9	3424
4046	12	3421
4047	14	3419
4048	13	3420
4049	10	3423
4050	9	3424
4051	12	3418
4052	10	3423
4053	18	3415
4054	18	3413
4055	13	3420
4056	14	3419
4057	16	3417
4058	5	3428
4059	6	3427
4060	7	3426
4061	15	3418
4062	8	3424
4063	11	3421
4064	11	3422
4065	6	3427
4066	13	3420
4067	7	3426
4068	12	3421
4069	11	3422
4070	8	3424
4071	6	3427
4072	9	3424
4073	12	3421
4074	10	3423
4075	12	3420
4076	5	3428
4077	7	3425
4078	11	3422
4079	13	3413
4080	13	3420
4081	12	3421
4082	8	3425
4083	14	3419
4084	10	3422
4085	10	3423
4086	16	3417
4087	9	3424
4088	12	3421
4089	6	3427
4090	11	3422
4091	10	3423
4092	13	3419
4093	7	3426
4094	13	3419
4095	10	3423
4096	11	3422
4097	9	3424
4098	13	3420
4099	8	3425
4100	8	3425
4101	11	3422
4102	8	3425
4103	10	3422
4104	13	3420
4105	12	3421
4106	13	3419
4107	10	3423
4108	8	3425
4109	11	3422
4110	9	3424
4111	8	3425
4112	8	3425
4113	11	3422
4114	13	3420
4115	9	3424
4116	12	3421
4117	8	3425
4118	11	3422
4119	12	3420
4120	7	3420
4121	10	3422
4122	9	3424
4123	14	3419
4124	9	3424
4125	12	3421
4126	13	3420
4127	10	3418
4128	11	3422
4129	12	3421
4130	13	3420
4131	16	3417
4132	8	3425
4133	9	3424
4134	11	3422
4135	12	3420
4136	6	3427
4137	13	3420
4138	13	3420
4139	12	3421
4140	11	3422
4141	10	3422
4142	13	3420
4143	10	3423
4144	9	3424
4145	6	3426
4146	9	3424
4147	5	3428
4148	6	3427
4149	9	3424
4150	4	3429
4151	9	3424
4152	8	3424
4153	13	3420
4154	8	3425
4155	8	3425
4156	17	3415
4157	11	3422
4158	11	3416
4159	13	3420
4160	12	3421
4161	7	3426
4162	10	3423
4163	9	3424
4164	8	3425
4165	13	3420
4166	6	3426
4167	11	3421
4168	9	3423
4169	9	3424
4170	8	3425
4171	12	3420
4172	12	3421
4173	8	3425
4174	8	3424
4175	10	3422
4176	10	3423
4177	7	3426
4178	11	3422
4179	10	3423
4180	10	3423
4181	15	3418
4182	7	3426
4183	13	3418
4184	13	3420
4185	11	3422
4186	8	3425
4187	8	3425
4188	14	3419
4189	14	3419
4190	8	3425
4191	7	3426
4192	12	3421
4193	9	3424
4194	12	3421
4195	15	3418
4196	11	3422
4197	11	3422
4198	7	3426
4199	9	3424
4200	16	3416
4201	10	3423
4202	11	3422
4203	6	3427
4204	14	3419
4205	11	3422
4206	9	3424
4207	9	3424
4208	14	3419
4209	8	3425
4210	9	3424
4211	9	3424
4212	11	3422
4213	8	3424
4214	9	3424
4215	15	3417
4216	13	3420
4217	9	3423
4218	11	3422
4219	10	3423
4220	10	3423
4221	14	3419
4222	12	3421
4223	12	3421
4224	14	3419
4225	11	3421
4226	13	3420
4227	5	3428
4228	6	3427
4229	8	3425
4230	11	3422
4231	13	3420
4232	8	3424
4233	12	3421
4234	10	3423
4235	7	3424
4236	13	3420
4237	12	3421
4238	13	3420
4239	9	3424
4240	6	3427
4241	12	3421
4242	8	3425
4243	11	3421
4244	12	3421
4245	9	3424
4246	10	3423
4247	9	3424
4248	11	3421
4249	12	3421
4250	6	3427
4251	7	3425
4252	9	3424
4253	14	3419
4254	11	3422
4255	10	3423
4256	10	3422
4257	10	3421
4258	12	3421
4259	13	3420
4260	10	3423
4261	12	3420
4262	8	3425
4263	6	3427
4264	10	3423
4265	13	3420
4266	14	3418
4267	13	3419
4268	11	3422
4269	13	3419
4270	13	3420
4271	11	3422
4272	15	3418
4273	9	3424
4274	9	3424
4275	11	3422
4276	14	3418
4277	11	3421
4278	14	3418
4279	13	3420
4280	9	3424
4281	8	3424
4282	15	3418
4283	21	3412
4284	10	3423
4285	9	3424
4286	11	3420
4287	10	3423
4288	10	3421
4289	13	3420
4290	11	3422
4291	14	3419
4292	12	3421
4293	11	3422
4294	13	3419
4295	10	3421
4296	11	3421
4297	16	3417
4298	11	3422
4299	14	3419
4300	7	3425
4301	14	3419
4302	16	3417
4303	12	3420
4304	13	3420
4305	11	3422
4306	8	3424
4307	13	3420
4308	15	3418
4309	14	3419
4310	15	3417
4311	8	3425
4312	9	3424
4313	10	3423
4314	14	3419
4315	10	3423
4316	10	3422
4317	8	3425
4318	7	3426
4319	16	3417
4320	11	3422
4321	9	3424
4322	9	3423
4323	12	3421
4324	8	3425
4325	11	3422
4326	11	3422
4327	10	3422
4328	17	3415
4329	9	3424
4330	15	3417
4331	16	3417
4332	14	3418
4333	11	3422
4334	17	3416
4335	14	3419
4336	12	3421
4337	9	3422
4338	10	3423
4339	10	3423
4340	13	3420
4341	13	3414
4342	11	3422
4343	14	3418
4344	11	3422
4345	13	3420
4346	8	3425
4347	7	3426
4348	13	3419
4349	10	3423
4350	9	3424
4351	9	3424
4352	7	3426
4353	11	3420
4354	16	3412
4355	6	3427
4356	11	3421
4357	15	3415
4358	10	3422
4359	12	3421
4360	11	3422
4361	12	3420
4362	12	3419
4363	9	3424
4364	6	3425
4365	10	3416
4366	10	3423
4367	11	3421
4368	10	3423
4369	10	3423
4370	8	3425
4371	12	3421
4372	15	3418
4373	13	3418
4374	13	3420
4375	9	3424
4376	14	3418
4377	8	3425
4378	8	3425
4379	9	3423
4380	12	3421
4381	13	3420
4382	11	3421
4383	10	3423
4384	6	3427
4385	7	3426
4386	10	3423
4387	14	3417
4388	11	3421
4389	17	3415
4390	13	3414
4391	9	3422
4392	11	3422
4393	6	3427
4394	10	3423
4395	9	3424
4396	10	3423
4397	9	3424
4398	9	3423
4399	7	3426
4400	16	3416
4401	11	3422
4402	12	3421
4403	8	3425
4404	8	3425
4405	13	3420
4406	3	3430
4407	12	3420
4408	12	3421
4409	13	3415
4410	7	3426
4411	5	3428
4412	13	3409
4413	12	3420
4414	14	3419
4415	4	3429
4416	11	3421
4417	10	3423
4418	10	3421
4419	14	3418
4420	9	3423
4421	13	3420
4422	12	3421
4423	9	3424
4424	9	3424
4425	13	3420
4426	11	3422
4427	10	3423
4428	12	3421
4429	9	3424
4430	12	3420
4431	12	3421
4432	13	3419
4433	11	3421
4434	13	3414
4435	15	3417
4436	13	3420
4437	9	3424
4438	13	3420
4439	13	3420
4440	9	3424
4441	10	3423
4442	7	3426
4443	11	3422
4444	10	3423
4445	15	3418
4446	10	3422
4447	10	3423
4448	13	3420
4449	12	3420
4450	13	3420
4451	14	3419
4452	12	3413
4453	13	3413
4454	6	3427
4455	12	3421
4456	13	3420
4457	12	3421
4458	9	3423
4459	17	3416
4460	11	3421
4461	9	3423
4462	12	3421
4463	14	3419
4464	13	3419
4465	9	3424
4466	10	3423
4467	8	3425
4468	10	3423
4469	12	3421
4470	8	3425
4471	8	3425
4472	9	3424
4473	12	3421
4474	6	3427
4475	10	3423
4476	10	3423
4477	10	3423
4478	11	3421
4479	11	3422
4480	8	3425
4481	11	3422
4482	11	3415
4483	5	3428
4484	12	3421
4485	14	3418
4486	9	3423
4487	6	3427
4488	9	3424
4489	10	3423
4490	10	3423
4491	12	3421
4492	8	3424
4493	9	3424
4494	15	3417
4495	12	3420
4496	19	3412
4497	9	3422
4498	15	3417
4499	7	3426
4500	10	3423
4501	9	3424
4502	13	3418
4503	10	3423
4504	15	3417
4505	16	3417
4506	12	3420
4507	16	3416
4508	12	3421
4509	16	3417
4510	7	3426
4511	16	3416
4512	13	3420
4513	11	3422
4514	8	3425
4515	10	3423
4516	10	3423
4517	8	3425
4518	8	3425
4519	9	3422
4520	9	3424
4521	13	3419
4522	14	3419
4523	9	3424
4524	13	3418
4525	11	3422
4526	12	3421
4527	14	3414
4528	8	3424
4529	12	3421
4530	7	3426
4531	16	3416
4532	13	3420
4533	11	3422
4534	10	3421
4535	8	3424
4536	14	3418
4537	8	3424
4538	8	3425
4539	9	3424
4540	12	3421
4541	14	3413
4542	9	3424
4543	10	3423
4544	11	3421
4545	7	3426
4546	12	3421
4547	10	3423
4548	10	3417
4549	9	3424
4550	11	3422
4551	14	3419
4552	17	3416
4553	15	3417
4554	11	3421
4555	10	3422
4556	17	3414
4557	12	3421
4558	13	3419
4559	14	3418
4560	14	3412
4561	10	3423
4562	10	3422
4563	15	3418
4564	13	3420
4565	17	3415
4566	9	3423
4567	10	3423
4568	19	3413
4569	13	3418
4570	12	3420
4571	17	3415
4572	11	3420
4573	16	3417
4574	9	3424
4575	13	3420
4576	14	3419
4577	15	3412
4578	13	3417
4579	11	3421
4580	11	3421
4581	13	3412
4582	9	3424
4583	15	3416
4584	9	3423
4585	12	3420
4586	16	3415
4587	10	3423
4588	16	3417
4589	16	3415
4590	18	3415
4591	10	3423
4592	11	3420
4593	11	3421
4594	10	3423
4595	15	3416
4596	12	3420
4597	8	3425
4598	13	3420
4599	10	3423
4600	12	3420
4601	11	3422
4602	8	3424
4603	17	3416
4604	4	3429
4605	12	3421
4606	10	3423
4607	13	3415
4608	11	3422
4609	13	3420
4610	13	3420
4611	13	3420
4612	7	3426
4613	13	3420
4614	12	3420
4615	14	3409
4616	9	3423
4617	9	3424
4618	12	3421
4619	16	3415
4620	11	3422
4621	10	3423
4622	11	3422
4623	13	3419
4624	8	3425
4625	11	3422
4626	13	3420
4627	12	3421
4628	8	3425
4629	14	3419
4630	16	3417
4631	13	3420
4632	11	3422
4633	15	3418
4634	12	3419
4635	9	3423
4636	11	3422
4637	11	3422
4638	10	3423
4639	12	3416
4640	13	3419
4641	10	3423
4642	7	3425
4643	14	3417
4644	11	3421
4645	13	3418
4646	13	3420
4647	9	3424
4648	9	3423
4649	9	3424
4650	10	3423
4651	10	3422
4652	16	3415
4653	12	3420
4654	9	3424
4655	8	3425
4656	14	3419
4657	12	3421
4658	13	3419
4659	12	3421
4660	7	3426
4661	13	3419
4662	14	3419
4663	9	3424
4664	6	3424
4665	9	3424
4666	15	3418
4667	14	3419
4668	11	3422
4669	11	3422
4670	18	3413
4671	8	3424
4672	10	3423
4673	11	3422
4674	12	3414
4675	14	3419
4676	11	3422
4677	13	3415
4678	10	3422
4679	11	3422
4680	15	3418
4681	13	3420
4682	9	3424
4683	11	3422
4684	15	3418
4685	10	3423
4686	9	3422
4687	9	3424
4688	14	3419
4689	7	3426
4690	12	3421
4691	7	3425
4692	8	3425
4693	7	3426
4694	9	3424
4695	8	3425
4696	17	3415
4697	11	3422
4698	11	3421
4699	13	3420
4700	12	3421
4701	14	3419
4702	11	3422
4703	13	3420
4704	9	3424
4705	14	3412
4706	15	3418
4707	13	3420
4708	10	3422
4709	12	3418
4710	14	3419
4711	9	3424
4712	13	3419
4713	11	3422
4714	15	3418
4715	14	3418
4716	13	3420
4717	12	3420
4718	8	3425
4719	11	3422
4720	17	3416
4721	13	3420
4722	11	3422
4723	9	3424
4724	10	3417
4725	14	3419
4726	10	3422
4727	9	3424
4728	13	3420
4729	12	3419
4730	8	3425
4731	12	3421
4732	10	3423
4733	12	3421
4734	8	3425
4735	15	3418
4736	9	3424
4737	7	3426
4738	7	3426
4739	8	3425
4740	11	3421
4741	16	3416
4742	12	3421
4743	14	3418
4744	11	3422
4745	8	3425
4746	9	3424
4747	8	3424
4748	10	3423
4749	15	3418
