# Timestep	Num_Clusters	Max_Cluster_Size
0	11	3422
1	5	3428
2	10	3423
3	11	3422
4	9	3424
5	8	3425
6	10	3423
7	6	3427
8	9	3424
9	7	3425
10	12	3421
11	7	3426
12	13	3420
13	10	3423
14	8	3425
15	12	3421
16	12	3421
17	14	3419
18	18	3414
19	13	3415
20	6	3427
21	12	3421
22	10	3422
23	14	3414
24	10	3423
25	10	3423
26	7	3426
27	7	3426
28	11	3422
29	11	3422
30	10	3423
31	10	3422
32	9	3424
33	10	3423
34	13	3420
35	9	3423
36	9	3424
37	9	3424
38	10	3422
39	8	3425
40	12	3421
41	12	3420
42	10	3417
43	11	3422
44	4	3429
45	10	3423
46	14	3419
47	7	3426
48	10	3423
49	9	3424
50	12	3419
51	10	3423
52	14	3419
53	9	3423
54	13	3420
55	10	3422
56	11	3422
57	13	3419
58	19	3414
59	12	3420
60	4	3429
61	9	3424
62	8	3425
63	16	3417
64	17	3411
65	14	3419
66	15	3418
67	12	3420
68	15	3412
69	10	3418
70	15	3418
71	8	3425
72	10	3423
73	14	3419
74	11	3421
75	11	3422
76	15	3418
77	12	3421
78	8	3425
79	14	3419
80	15	3418
81	12	3421
82	15	3417
83	14	3419
84	11	3422
85	14	3418
86	15	3418
87	12	3421
88	14	3417
89	11	3420
90	12	3421
91	6	3427
92	10	3423
93	7	3425
94	10	3423
95	13	3420
96	14	3419
97	12	3421
98	14	3419
99	15	3418
100	11	3422
101	11	3422
102	5	3428
103	14	3419
104	11	3420
105	7	3420
106	12	3421
107	10	3423
108	12	3421
109	8	3425
110	9	3419
111	7	3426
112	6	3427
113	7	3426
114	14	3419
115	7	3426
116	6	3427
117	5	3426
118	9	3424
119	6	3427
120	8	3425
121	9	3424
122	8	3425
123	12	3418
124	12	3420
125	10	3421
126	13	3415
127	7	3420
128	13	3420
129	13	3420
130	10	3423
131	10	3423
132	14	3419
133	12	3420
134	14	3419
135	13	3418
136	16	3417
137	13	3419
138	15	3416
139	8	3425
140	13	3420
141	13	3419
142	8	3425
143	7	3426
144	9	3424
145	12	3421
146	8	3425
147	7	3426
148	6	3426
149	7	3426
150	6	3427
151	9	3423
152	12	3416
153	8	3425
154	8	3425
155	9	3424
156	11	3422
157	10	3423
158	10	3423
159	15	3416
160	15	3418
161	9	3421
162	9	3424
163	10	3423
164	7	3426
165	14	3419
166	11	3415
167	18	3415
168	13	3420
169	14	3418
170	13	3415
171	15	3418
172	11	3421
173	11	3422
174	12	3421
175	16	3412
176	7	3426
177	9	3424
178	10	3422
179	12	3421
180	7	3426
181	6	3427
182	7	3425
183	6	3427
184	8	3424
185	10	3423
186	6	3427
187	13	3420
188	7	3420
189	9	3423
190	14	3417
191	16	3412
192	17	3416
193	7	3426
194	10	3423
195	13	3420
196	11	3422
197	13	3419
198	6	3427
199	18	3414
200	10	3423
201	6	3427
202	9	3424
203	16	3416
204	10	3423
205	7	3426
206	13	3419
207	23	3407
208	9	3424
209	13	3420
210	11	3422
211	12	3416
212	11	3421
213	10	3423
214	8	3425
215	11	3422
216	13	3420
217	7	3426
218	11	3422
219	9	3424
220	6	3427
221	12	3421
222	11	3422
223	10	3422
224	11	3422
225	8	3425
226	10	3423
227	13	3420
228	15	3418
229	13	3420
230	8	3425
231	13	3420
232	8	3425
233	11	3422
234	14	3419
235	15	3418
236	10	3423
237	9	3423
238	6	3427
239	12	3421
240	8	3425
241	6	3427
242	6	3427
243	8	3423
244	8	3421
245	10	3423
246	7	3426
247	8	3419
248	11	3420
249	9	3423
250	12	3420
251	10	3422
252	10	3422
253	9	3424
254	7	3426
255	7	3426
256	12	3421
257	10	3423
258	9	3424
259	19	3414
260	8	3425
261	15	3411
262	10	3423
263	8	3424
264	13	3420
265	12	3421
266	12	3421
267	6	3427
268	15	3418
269	11	3420
270	8	3425
271	10	3423
272	11	3422
273	8	3424
274	4	3429
275	11	3422
276	10	3423
277	7	3426
278	11	3422
279	11	3422
280	11	3422
281	9	3424
282	12	3421
283	14	3418
284	12	3420
285	16	3416
286	11	3422
287	14	3419
288	8	3425
289	5	3428
290	10	3422
291	13	3420
292	15	3418
293	11	3422
294	14	3418
295	13	3420
296	9	3424
297	4	3429
298	11	3422
299	10	3423
300	8	3419
301	17	3416
302	11	3422
303	10	3423
304	9	3424
305	8	3425
306	10	3423
307	15	3418
308	18	3415
309	8	3425
310	5	3428
311	11	3421
312	7	3426
313	13	3419
314	14	3419
315	11	3422
316	9	3423
317	6	3427
318	8	3425
319	10	3423
320	11	3422
321	14	3418
322	13	3420
323	9	3424
324	9	3424
325	9	3424
326	15	3418
327	10	3423
328	13	3419
329	12	3421
330	15	3418
331	9	3424
332	10	3423
333	10	3423
334	8	3425
335	11	3422
336	22	3411
337	12	3420
338	11	3422
339	15	3418
340	11	3422
341	11	3422
342	11	3422
343	10	3423
344	10	3422
345	15	3418
346	12	3421
347	9	3424
348	8	3425
349	8	3425
350	13	3414
351	9	3424
352	8	3425
353	9	3424
354	11	3422
355	11	3421
356	15	3418
357	15	3417
358	3	3430
359	11	3422
360	9	3424
361	10	3423
362	13	3420
363	17	3411
364	13	3419
365	9	3424
366	9	3424
367	13	3420
368	10	3423
369	12	3421
370	11	3422
371	14	3414
372	8	3425
373	11	3421
374	10	3423
375	15	3418
376	9	3424
377	10	3423
378	10	3423
379	14	3419
380	13	3420
381	13	3420
382	13	3420
383	14	3419
384	15	3418
385	15	3417
386	13	3420
387	18	3415
388	14	3419
389	11	3422
390	16	3417
391	10	3423
392	9	3424
393	16	3416
394	14	3418
395	6	3427
396	12	3421
397	16	3417
398	13	3420
399	14	3419
400	12	3421
401	8	3425
402	10	3423
403	16	3417
404	10	3423
405	10	3423
406	10	3423
407	10	3423
408	9	3424
409	13	3420
410	13	3420
411	11	3422
412	7	3426
413	17	3416
414	14	3417
415	10	3423
416	9	3423
417	9	3424
418	6	3427
419	16	3417
420	11	3422
421	12	3421
422	13	3420
423	11	3422
424	14	3419
425	15	3417
426	11	3422
427	11	3422
428	11	3422
429	8	3425
430	14	3419
431	14	3419
432	7	3426
433	11	3422
434	7	3426
435	10	3423
436	14	3418
437	8	3425
438	9	3424
439	12	3421
440	8	3425
441	14	3419
442	15	3418
443	15	3418
444	14	3419
445	17	3416
446	15	3417
447	7	3426
448	15	3418
449	12	3420
450	14	3418
451	8	3425
452	10	3423
453	10	3423
454	6	3427
455	14	3418
456	8	3425
457	10	3423
458	13	3420
459	10	3423
460	12	3421
461	13	3419
462	12	3420
463	8	3425
464	8	3425
465	6	3427
466	9	3423
467	11	3422
468	11	3422
469	14	3419
470	15	3418
471	10	3423
472	10	3423
473	9	3424
474	11	3422
475	15	3418
476	12	3421
477	8	3425
478	4	3429
479	16	3416
480	12	3421
481	11	3422
482	11	3422
483	13	3420
484	13	3420
485	13	3420
486	8	3419
487	11	3422
488	18	3415
489	13	3420
490	6	3427
491	13	3420
492	12	3421
493	10	3423
494	8	3425
495	18	3415
496	10	3422
497	13	3420
498	15	3416
499	12	3421
500	9	3424
501	8	3425
502	10	3423
503	12	3421
504	10	3423
505	8	3425
506	10	3423
507	13	3420
508	12	3421
509	11	3422
510	16	3416
511	15	3418
512	13	3420
513	14	3418
514	14	3418
515	12	3420
516	9	3424
517	10	3423
518	11	3420
519	9	3424
520	12	3421
521	12	3421
522	15	3413
523	13	3420
524	12	3421
525	7	3426
526	15	3418
527	13	3420
528	12	3421
529	8	3425
530	15	3418
531	8	3425
532	12	3421
533	8	3424
534	13	3420
535	13	3420
536	13	3420
537	19	3414
538	15	3417
539	11	3422
540	18	3414
541	10	3423
542	9	3423
543	10	3423
544	11	3422
545	12	3421
546	10	3423
547	14	3418
548	12	3421
549	18	3415
550	14	3419
551	13	3420
552	11	3422
553	14	3419
554	9	3424
555	15	3418
556	10	3423
557	9	3424
558	10	3423
559	13	3420
560	11	3422
561	9	3424
562	14	3419
563	13	3420
564	16	3417
565	7	3426
566	11	3422
567	10	3423
568	14	3418
569	9	3423
570	12	3421
571	7	3426
572	11	3422
573	17	3416
574	19	3414
575	10	3423
576	11	3421
577	11	3421
578	17	3416
579	11	3422
580	14	3412
581	15	3417
582	6	3427
583	12	3416
584	10	3423
585	17	3416
586	12	3420
587	9	3424
588	9	3424
589	12	3421
590	13	3420
591	10	3423
592	12	3421
593	13	3419
594	10	3422
595	10	3423
596	13	3420
597	12	3421
598	10	3423
599	12	3420
600	13	3420
601	11	3422
602	11	3421
603	14	3419
604	9	3422
605	11	3422
606	12	3421
607	12	3421
608	16	3415
609	16	3417
610	13	3420
611	14	3419
612	13	3419
613	17	3416
614	13	3420
615	15	3418
616	12	3421
617	19	3414
618	14	3419
619	12	3421
620	9	3424
621	14	3419
622	9	3423
623	10	3423
624	11	3422
625	13	3420
626	15	3418
627	14	3419
628	7	3426
629	12	3421
630	13	3420
631	10	3423
632	14	3419
633	12	3421
634	10	3423
635	12	3421
636	9	3424
637	15	3417
638	14	3419
639	11	3422
640	9	3424
641	14	3419
642	10	3423
643	12	3421
644	6	3427
645	9	3424
646	21	3412
647	10	3423
648	12	3421
649	11	3422
650	9	3424
651	12	3421
652	9	3424
653	5	3428
654	16	3417
655	11	3422
656	11	3421
657	7	3426
658	11	3421
659	10	3423
660	7	3426
661	11	3422
662	12	3421
663	14	3419
664	12	3421
665	9	3423
666	12	3421
667	11	3421
668	15	3416
669	15	3418
670	10	3422
671	12	3420
672	13	3419
673	12	3421
674	9	3422
675	14	3418
676	8	3425
677	13	3420
678	6	3427
679	11	3421
680	10	3423
681	16	3417
682	11	3422
683	12	3421
684	17	3415
685	13	3420
686	17	3415
687	13	3419
688	8	3425
689	8	3425
690	14	3419
691	14	3417
692	10	3420
693	10	3423
694	11	3421
695	12	3421
696	13	3420
697	16	3417
698	9	3424
699	14	3418
700	9	3424
701	11	3421
702	12	3421
703	11	3422
704	8	3423
705	15	3416
706	12	3420
707	14	3419
708	13	3419
709	15	3417
710	11	3422
711	10	3422
712	19	3414
713	12	3421
714	14	3419
715	8	3425
716	12	3421
717	13	3420
718	13	3415
719	11	3422
720	15	3418
721	13	3420
722	17	3416
723	15	3418
724	13	3420
725	10	3423
726	9	3424
727	9	3424
728	13	3419
729	12	3421
730	18	3415
731	13	3420
732	10	3423
733	13	3420
734	11	3422
735	13	3420
736	8	3425
737	13	3420
738	13	3420
739	7	3426
740	15	3418
741	11	3422
742	10	3422
743	15	3418
744	11	3421
745	8	3425
746	14	3419
747	9	3424
748	17	3410
749	16	3417
750	12	3421
751	10	3423
752	17	3416
753	11	3422
754	17	3416
755	9	3424
756	15	3418
757	10	3423
758	9	3424
759	7	3426
760	13	3420
761	12	3421
762	10	3423
763	7	3426
764	11	3422
765	15	3417
766	14	3418
767	13	3420
768	8	3425
769	10	3423
770	12	3421
771	10	3423
772	10	3423
773	10	3423
774	13	3418
775	12	3421
776	8	3425
777	9	3423
778	11	3422
779	9	3423
780	9	3424
781	13	3420
782	6	3420
783	13	3420
784	11	3422
785	7	3426
786	9	3424
787	12	3420
788	8	3425
789	16	3417
790	9	3422
791	15	3418
792	14	3418
793	11	3422
794	9	3424
795	6	3426
796	9	3424
797	17	3413
798	12	3421
799	13	3420
800	14	3419
801	12	3421
802	10	3423
803	15	3417
804	13	3420
805	9	3423
806	19	3412
807	15	3413
808	11	3422
809	10	3422
810	9	3424
811	5	3428
812	11	3422
813	8	3425
814	19	3413
815	10	3423
816	19	3412
817	15	3418
818	11	3421
819	8	3424
820	6	3427
821	12	3421
822	3	3430
823	16	3417
824	13	3419
825	16	3417
826	12	3421
827	10	3423
828	11	3422
829	7	3426
830	9	3424
831	11	3422
832	11	3421
833	10	3418
834	10	3423
835	16	3415
836	9	3417
837	14	3419
838	15	3417
839	11	3422
840	14	3419
841	10	3423
842	12	3421
843	9	3424
844	11	3422
845	14	3419
846	13	3414
847	17	3416
848	7	3426
849	12	3421
850	13	3420
851	10	3422
852	10	3422
853	11	3422
854	16	3417
855	14	3418
856	11	3422
857	14	3419
858	17	3411
859	7	3426
860	10	3423
861	14	3418
862	10	3423
863	9	3424
864	12	3420
865	16	3417
866	16	3417
867	9	3424
868	12	3421
869	9	3424
870	11	3422
871	13	3420
872	9	3424
873	9	3424
874	10	3423
875	5	3428
876	13	3420
877	13	3420
878	11	3422
879	16	3416
880	15	3413
881	14	3419
882	13	3420
883	10	3423
884	10	3423
885	6	3427
886	12	3421
887	14	3419
888	8	3425
889	5	3428
890	7	3426
891	13	3420
892	10	3418
893	9	3424
894	10	3422
895	15	3418
896	11	3422
897	10	3422
898	10	3418
899	8	3425
900	6	3427
901	6	3427
902	12	3421
903	10	3423
904	14	3419
905	11	3422
906	11	3421
907	10	3423
908	12	3421
909	13	3420
910	9	3424
911	5	3428
912	12	3421
913	11	3422
914	11	3422
915	12	3421
916	15	3418
917	10	3423
918	14	3419
919	16	3417
920	9	3424
921	8	3424
922	13	3414
923	6	3426
924	14	3418
925	14	3419
926	13	3420
927	12	3414
928	6	3427
929	11	3422
930	6	3427
931	15	3417
932	8	3425
933	13	3420
934	12	3421
935	12	3415
936	10	3423
937	9	3423
938	11	3416
939	13	3419
940	8	3425
941	15	3418
942	14	3419
943	13	3420
944	8	3425
945	12	3415
946	12	3421
947	15	3418
948	12	3421
949	8	3425
950	7	3424
951	7	3426
952	13	3420
953	15	3418
954	7	3425
955	9	3424
956	12	3421
957	8	3425
958	8	3423
959	12	3420
960	5	3428
961	14	3419
962	9	3419
963	8	3425
964	7	3426
965	13	3420
966	11	3422
967	16	3417
968	8	3425
969	7	3426
970	9	3424
971	11	3422
972	14	3419
973	5	3428
974	7	3426
975	16	3417
976	7	3426
977	7	3426
978	9	3424
979	8	3425
980	14	3419
981	12	3421
982	15	3417
983	13	3420
984	14	3419
985	11	3421
986	15	3412
987	8	3425
988	10	3423
989	10	3423
990	14	3418
991	9	3424
992	11	3420
993	10	3422
994	13	3420
995	13	3419
996	10	3423
997	12	3421
998	11	3422
999	8	3425
1000	12	3421
1001	8	3424
1002	11	3417
1003	11	3422
1004	6	3427
1005	5	3427
1006	9	3424
1007	12	3421
1008	10	3423
1009	8	3425
1010	9	3424
1011	11	3422
1012	7	3426
1013	10	3423
1014	15	3418
1015	6	3427
1016	12	3421
1017	11	3421
1018	14	3413
1019	11	3421
1020	12	3421
1021	9	3423
1022	10	3423
1023	12	3421
1024	11	3422
1025	14	3418
1026	8	3425
1027	13	3419
1028	10	3423
1029	10	3422
1030	13	3420
1031	19	3413
1032	11	3422
1033	4	3429
1034	13	3419
1035	8	3423
1036	9	3423
1037	12	3421
1038	15	3418
1039	10	3423
1040	12	3421
1041	12	3421
1042	11	3422
1043	9	3424
1044	13	3420
1045	13	3420
1046	9	3424
1047	9	3423
1048	10	3422
1049	6	3427
1050	10	3423
1051	8	3424
1052	7	3425
1053	7	3425
1054	11	3422
1055	12	3421
1056	10	3422
1057	8	3425
1058	14	3419
1059	10	3423
1060	7	3425
1061	12	3421
1062	11	3422
1063	13	3420
1064	11	3422
1065	10	3423
1066	11	3422
1067	14	3414
1068	11	3421
1069	14	3419
1070	13	3420
1071	5	3428
1072	15	3418
1073	12	3421
1074	7	3426
1075	9	3424
1076	10	3423
1077	8	3425
1078	12	3419
1079	8	3425
1080	8	3425
1081	8	3425
1082	12	3421
1083	13	3418
1084	13	3420
1085	12	3421
1086	9	3424
1087	12	3421
1088	10	3423
1089	9	3418
1090	10	3417
1091	9	3423
1092	12	3421
1093	14	3419
1094	11	3420
1095	9	3424
1096	10	3423
1097	10	3423
1098	12	3420
1099	15	3418
1100	10	3423
1101	7	3425
1102	9	3424
1103	8	3425
1104	15	3418
1105	14	3419
1106	8	3425
1107	11	3422
1108	10	3423
1109	12	3421
1110	17	3416
1111	8	3425
1112	11	3422
1113	8	3423
1114	12	3420
1115	8	3425
1116	7	3426
1117	14	3418
1118	12	3421
1119	13	3419
1120	13	3420
1121	10	3423
1122	13	3420
1123	10	3423
1124	6	3426
1125	7	3426
1126	5	3428
1127	10	3423
1128	6	3426
1129	14	3418
1130	10	3423
1131	9	3424
1132	9	3424
1133	9	3424
1134	8	3425
1135	5	3428
1136	10	3423
1137	10	3418
1138	11	3422
1139	11	3422
1140	7	3425
1141	11	3421
1142	12	3421
1143	12	3421
1144	12	3421
1145	13	3419
1146	5	3428
1147	12	3421
1148	15	3418
1149	12	3421
1150	13	3419
1151	7	3426
1152	7	3426
1153	8	3424
1154	14	3419
1155	9	3424
1156	10	3422
1157	14	3418
1158	13	3420
1159	7	3426
1160	16	3416
1161	7	3426
1162	17	3414
1163	14	3417
1164	13	3420
1165	13	3420
1166	16	3416
1167	8	3425
1168	12	3420
1169	15	3418
1170	13	3420
1171	11	3422
1172	8	3424
1173	10	3422
1174	14	3419
1175	11	3422
1176	7	3426
1177	10	3423
1178	8	3425
1179	7	3426
1180	11	3422
1181	9	3424
1182	10	3423
1183	10	3423
1184	11	3422
1185	9	3424
1186	9	3424
1187	12	3421
1188	9	3424
1189	9	3419
1190	9	3424
1191	9	3423
1192	10	3422
1193	11	3421
1194	15	3417
1195	14	3419
1196	9	3423
1197	12	3421
1198	8	3425
1199	11	3422
1200	9	3424
1201	13	3420
1202	8	3425
1203	11	3421
1204	11	3422
1205	10	3422
1206	12	3421
1207	11	3422
1208	10	3423
1209	12	3421
1210	10	3423
1211	9	3424
1212	11	3422
1213	11	3422
1214	9	3423
1215	13	3420
1216	13	3419
1217	10	3423
1218	13	3418
1219	13	3420
1220	10	3423
1221	9	3424
1222	10	3422
1223	12	3421
1224	7	3425
1225	12	3421
1226	14	3414
1227	8	3425
1228	9	3424
1229	9	3423
1230	11	3422
1231	12	3419
1232	14	3418
1233	9	3424
1234	11	3406
1235	10	3423
1236	8	3425
1237	10	3421
1238	13	3420
1239	7	3426
1240	7	3426
1241	15	3418
1242	9	3423
1243	11	3421
1244	11	3422
1245	11	3422
1246	12	3420
1247	15	3418
1248	14	3419
1249	12	3420
1250	8	3425
1251	12	3421
1252	13	3420
1253	12	3421
1254	13	3420
1255	14	3419
1256	13	3414
1257	11	3422
1258	12	3421
1259	16	3417
1260	11	3417
1261	10	3423
1262	10	3423
1263	10	3423
1264	11	3417
1265	10	3423
1266	8	3425
1267	14	3416
1268	8	3424
1269	12	3421
1270	11	3422
1271	8	3420
1272	10	3423
1273	9	3423
1274	14	3419
1275	13	3419
1276	10	3423
1277	13	3420
1278	9	3423
1279	11	3422
1280	12	3421
1281	11	3421
1282	13	3420
1283	9	3424
1284	11	3422
1285	16	3417
1286	16	3417
1287	13	3415
1288	8	3425
1289	8	3424
1290	12	3421
1291	8	3420
1292	11	3422
1293	14	3417
1294	12	3420
1295	4	3429
1296	5	3428
1297	8	3424
1298	11	3422
1299	12	3421
1300	9	3423
1301	14	3419
1302	11	3421
1303	11	3421
1304	12	3421
1305	11	3422
1306	10	3423
1307	7	3426
1308	12	3421
1309	12	3421
1310	13	3420
1311	9	3423
1312	13	3420
1313	7	3426
1314	8	3425
1315	9	3424
1316	13	3419
1317	14	3418
1318	10	3422
1319	5	3428
1320	7	3426
1321	6	3427
1322	13	3419
1323	15	3417
1324	9	3418
1325	11	3420
1326	11	3421
1327	6	3427
1328	9	3424
1329	10	3418
1330	14	3419
1331	8	3425
1332	8	3425
1333	11	3422
1334	10	3423
1335	13	3419
1336	9	3424
1337	8	3425
1338	2	3431
1339	12	3421
1340	13	3420
1341	13	3420
1342	10	3423
1343	9	3424
1344	9	3423
1345	13	3419
1346	12	3420
1347	8	3424
1348	11	3422
1349	15	3418
1350	11	3422
1351	9	3424
1352	6	3427
1353	10	3423
1354	11	3422
1355	13	3420
1356	10	3422
1357	8	3425
1358	11	3422
1359	8	3425
1360	10	3423
1361	12	3414
1362	7	3425
1363	8	3425
1364	10	3423
1365	11	3422
1366	11	3422
1367	12	3421
1368	7	3425
1369	13	3420
1370	9	3424
1371	12	3420
1372	12	3420
1373	11	3422
1374	9	3424
1375	4	3429
1376	7	3426
1377	8	3425
1378	12	3416
1379	12	3421
1380	14	3419
1381	9	3424
1382	14	3413
1383	7	3426
1384	9	3424
1385	11	3422
1386	8	3420
1387	9	3424
1388	6	3422
1389	17	3410
1390	8	3424
1391	9	3424
1392	10	3418
1393	13	3420
1394	6	3427
1395	11	3422
1396	7	3426
1397	13	3420
1398	13	3420
1399	13	3420
1400	10	3423
1401	13	3418
1402	12	3420
1403	9	3424
1404	13	3420
1405	11	3422
1406	9	3423
1407	13	3419
1408	12	3420
1409	6	3427
1410	16	3416
1411	12	3421
1412	9	3424
1413	8	3424
1414	15	3417
1415	9	3424
1416	8	3424
1417	10	3423
1418	12	3420
1419	9	3423
1420	14	3414
1421	9	3424
1422	15	3418
1423	11	3417
1424	10	3423
1425	8	3425
1426	6	3427
1427	11	3421
1428	7	3426
1429	10	3422
1430	10	3423
1431	9	3424
1432	13	3420
1433	11	3422
1434	14	3419
1435	9	3424
1436	7	3426
1437	9	3422
1438	9	3424
1439	6	3426
1440	9	3424
1441	11	3417
1442	13	3420
1443	8	3423
1444	9	3424
1445	11	3422
1446	10	3423
1447	11	3422
1448	10	3423
1449	10	3423
1450	16	3417
1451	9	3423
1452	12	3415
1453	11	3422
1454	6	3425
1455	10	3423
1456	7	3426
1457	13	3419
1458	13	3420
1459	7	3426
1460	8	3425
1461	13	3420
1462	12	3415
1463	12	3421
1464	16	3417
1465	13	3420
1466	12	3421
1467	7	3426
1468	8	3425
1469	12	3421
1470	11	3422
1471	10	3423
1472	12	3416
1473	7	3425
1474	11	3422
1475	8	3425
1476	15	3418
1477	7	3426
1478	12	3421
1479	13	3419
1480	13	3418
1481	14	3419
1482	19	3412
1483	9	3424
1484	16	3417
1485	9	3423
1486	14	3414
1487	12	3421
1488	13	3420
1489	7	3426
1490	9	3423
1491	14	3418
1492	10	3421
1493	12	3420
1494	10	3423
1495	8	3425
1496	9	3424
1497	11	3422
1498	12	3421
1499	9	3424
1500	11	3421
1501	9	3424
1502	9	3423
1503	12	3421
1504	16	3416
1505	9	3424
1506	12	3421
1507	9	3424
1508	10	3418
1509	12	3421
1510	9	3424
1511	8	3423
1512	9	3424
1513	10	3423
1514	9	3424
1515	14	3413
1516	9	3421
1517	10	3423
1518	8	3425
1519	10	3423
1520	10	3423
1521	7	3426
1522	11	3422
1523	11	3421
1524	13	3415
1525	10	3423
1526	11	3422
1527	6	3427
1528	12	3421
1529	8	3424
1530	11	3422
1531	7	3426
1532	10	3423
1533	13	3420
1534	14	3418
1535	19	3412
1536	9	3424
1537	13	3420
1538	10	3423
1539	12	3420
1540	6	3427
1541	11	3421
1542	16	3417
1543	9	3418
1544	8	3425
1545	11	3420
1546	7	3426
1547	10	3412
1548	10	3423
1549	10	3423
1550	12	3420
1551	8	3425
1552	7	3426
1553	7	3426
1554	13	3419
1555	13	3420
1556	9	3423
1557	9	3424
1558	12	3421
1559	13	3420
1560	11	3422
1561	12	3421
1562	14	3419
1563	8	3425
1564	15	3418
1565	8	3425
1566	9	3424
1567	7	3421
1568	8	3425
1569	10	3423
1570	9	3424
1571	14	3418
1572	13	3420
1573	10	3423
1574	11	3421
1575	9	3423
1576	9	3424
1577	12	3421
1578	9	3424
1579	12	3421
1580	10	3423
1581	9	3424
1582	9	3424
1583	13	3413
1584	18	3415
1585	16	3417
1586	9	3423
1587	13	3420
1588	7	3426
1589	7	3426
1590	11	3422
1591	12	3421
1592	12	3421
1593	14	3418
1594	6	3427
1595	11	3422
1596	12	3420
1597	7	3425
1598	8	3423
1599	11	3422
1600	13	3420
1601	8	3425
1602	10	3423
1603	14	3418
1604	8	3425
1605	5	3427
1606	6	3427
1607	12	3421
1608	9	3424
1609	8	3419
1610	12	3420
1611	11	3422
1612	11	3420
1613	7	3425
1614	6	3427
1615	6	3427
1616	17	3416
1617	11	3422
1618	10	3422
1619	12	3421
1620	14	3419
1621	13	3420
1622	13	3420
1623	16	3415
1624	9	3424
1625	11	3422
1626	16	3411
1627	9	3424
1628	16	3417
1629	9	3423
1630	12	3421
1631	12	3420
1632	7	3425
1633	10	3422
1634	12	3421
1635	12	3421
1636	9	3424
1637	15	3418
1638	17	3416
1639	10	3423
1640	13	3420
1641	17	3416
1642	10	3423
1643	11	3422
1644	5	3428
1645	8	3425
1646	10	3423
1647	8	3425
1648	10	3423
1649	4	3429
1650	14	3419
1651	10	3422
1652	9	3424
1653	15	3418
1654	12	3421
1655	6	3427
1656	8	3425
1657	9	3424
1658	15	3416
1659	11	3421
1660	13	3420
1661	15	3418
1662	13	3418
1663	14	3419
1664	13	3414
1665	5	3428
1666	11	3421
1667	12	3420
1668	11	3422
1669	4	3429
1670	9	3424
1671	12	3421
1672	16	3417
1673	13	3419
1674	8	3425
1675	7	3426
1676	7	3426
1677	10	3422
1678	9	3424
1679	9	3423
1680	6	3426
1681	12	3421
1682	7	3426
1683	10	3423
1684	10	3423
1685	8	3425
1686	12	3421
1687	12	3421
1688	8	3425
1689	13	3420
1690	13	3420
1691	16	3417
1692	8	3425
1693	6	3427
1694	11	3422
1695	10	3422
1696	9	3424
1697	9	3424
1698	8	3425
1699	13	3420
1700	8	3424
1701	12	3421
1702	14	3418
1703	10	3422
1704	13	3420
1705	17	3416
1706	8	3425
1707	12	3421
1708	13	3420
1709	16	3416
1710	10	3423
1711	7	3426
1712	12	3421
1713	14	3418
1714	5	3428
1715	10	3423
1716	10	3423
1717	15	3418
1718	9	3424
1719	12	3421
1720	5	3428
1721	13	3419
1722	12	3421
1723	9	3424
1724	5	3428
1725	12	3421
1726	7	3419
1727	10	3423
1728	11	3422
1729	11	3422
1730	9	3424
1731	13	3419
1732	7	3426
1733	8	3425
1734	6	3427
1735	6	3427
1736	9	3424
1737	7	3426
1738	11	3422
1739	11	3420
1740	11	3422
1741	9	3424
1742	7	3426
1743	11	3422
1744	14	3419
1745	8	3425
1746	7	3426
1747	14	3419
1748	9	3424
1749	9	3424
1750	6	3427
1751	12	3420
1752	11	3419
1753	11	3422
1754	10	3423
1755	15	3418
1756	13	3420
1757	10	3423
1758	11	3422
1759	11	3421
1760	16	3417
1761	9	3424
1762	15	3417
1763	10	3423
1764	9	3424
1765	14	3414
1766	16	3417
1767	11	3422
1768	6	3427
1769	9	3423
1770	9	3423
1771	17	3416
1772	15	3417
1773	11	3421
1774	12	3420
1775	9	3424
1776	10	3423
1777	11	3422
1778	12	3421
1779	11	3422
1780	11	3415
1781	11	3417
1782	11	3422
1783	11	3422
1784	10	3423
1785	6	3427
1786	13	3420
1787	12	3416
1788	9	3424
1789	15	3412
1790	10	3423
1791	10	3423
1792	17	3415
1793	7	3426
1794	14	3419
1795	13	3420
1796	10	3423
1797	15	3418
1798	16	3417
1799	8	3425
1800	15	3417
1801	11	3417
1802	13	3420
1803	14	3418
1804	12	3419
1805	11	3422
1806	13	3420
1807	12	3421
1808	16	3417
1809	11	3421
1810	15	3418
1811	8	3425
1812	9	3424
1813	14	3413
1814	6	3425
1815	8	3424
1816	16	3416
1817	20	3413
1818	18	3415
1819	15	3412
1820	17	3411
1821	10	3422
1822	12	3421
1823	10	3423
1824	8	3425
1825	14	3418
1826	11	3422
1827	19	3414
1828	15	3417
1829	10	3423
1830	5	3428
1831	11	3421
1832	7	3426
1833	7	3421
1834	11	3422
1835	10	3423
1836	12	3421
1837	6	3427
1838	12	3421
1839	11	3415
1840	5	3428
1841	15	3417
1842	10	3423
1843	11	3421
1844	15	3418
1845	15	3417
1846	10	3422
1847	8	3425
1848	9	3424
1849	8	3425
1850	13	3420
1851	7	3426
1852	9	3424
1853	10	3422
1854	11	3422
1855	10	3423
1856	7	3426
1857	12	3421
1858	13	3420
1859	8	3425
1860	11	3421
1861	13	3420
1862	9	3424
1863	7	3426
1864	11	3422
1865	17	3413
1866	10	3421
1867	12	3421
1868	11	3422
1869	16	3416
1870	10	3422
1871	15	3418
1872	14	3418
1873	11	3422
1874	14	3419
1875	11	3416
1876	11	3421
1877	12	3421
1878	9	3418
1879	10	3423
1880	11	3422
1881	9	3423
1882	11	3422
1883	10	3423
1884	12	3421
1885	14	3419
1886	13	3420
1887	15	3417
1888	13	3420
1889	14	3419
1890	11	3422
1891	17	3416
1892	10	3422
1893	13	3420
1894	15	3418
1895	10	3423
1896	10	3423
1897	9	3423
1898	12	3420
1899	8	3420
1900	8	3425
1901	14	3414
1902	11	3422
1903	11	3415
1904	14	3419
1905	12	3415
1906	13	3420
1907	11	3422
1908	13	3420
1909	6	3427
1910	5	3428
1911	10	3423
1912	11	3422
1913	8	3425
1914	14	3418
1915	6	3421
1916	13	3420
1917	11	3422
1918	6	3427
1919	11	3422
1920	12	3420
1921	7	3426
1922	11	3421
1923	16	3416
1924	8	3425
1925	10	3423
1926	8	3425
1927	15	3418
1928	10	3423
1929	9	3424
1930	12	3418
1931	13	3419
1932	6	3427
1933	6	3427
1934	6	3427
1935	14	3414
1936	8	3425
1937	10	3423
1938	14	3413
1939	6	3427
1940	10	3423
1941	8	3424
1942	14	3418
1943	12	3420
1944	11	3422
1945	9	3424
1946	12	3416
1947	10	3422
1948	10	3423
1949	15	3418
1950	8	3425
1951	10	3423
1952	14	3419
1953	12	3421
1954	8	3424
1955	10	3423
1956	9	3423
1957	14	3419
1958	5	3428
1959	8	3425
1960	11	3422
1961	13	3420
1962	14	3419
1963	14	3419
1964	12	3420
1965	9	3419
1966	10	3423
1967	12	3421
1968	10	3423
1969	16	3417
1970	13	3420
1971	12	3421
1972	5	3428
1973	5	3428
1974	13	3420
1975	10	3421
1976	10	3423
1977	13	3419
1978	10	3423
1979	13	3420
1980	15	3418
1981	11	3422
1982	10	3422
1983	7	3426
1984	10	3422
1985	11	3422
1986	14	3418
1987	8	3425
1988	7	3426
1989	16	3417
1990	7	3426
1991	9	3424
1992	13	3420
1993	12	3418
1994	7	3426
1995	10	3423
1996	15	3418
1997	16	3416
1998	8	3425
1999	15	3418
2000	5	3428
2001	13	3420
2002	9	3424
2003	4	3429
2004	14	3418
2005	18	3414
2006	16	3411
2007	11	3421
2008	11	3422
2009	11	3422
2010	8	3423
2011	12	3421
2012	10	3422
2013	11	3421
2014	15	3418
2015	7	3426
2016	9	3424
2017	12	3421
2018	13	3420
2019	10	3422
2020	8	3425
2021	8	3425
2022	5	3428
2023	5	3428
2024	9	3423
2025	9	3424
2026	11	3422
2027	12	3420
2028	11	3417
2029	6	3427
2030	9	3424
2031	13	3420
2032	9	3422
2033	11	3415
2034	12	3421
2035	12	3420
2036	19	3414
2037	13	3415
2038	10	3423
2039	13	3420
2040	11	3422
2041	9	3424
2042	13	3419
2043	13	3419
2044	10	3423
2045	11	3421
2046	11	3422
2047	11	3422
2048	9	3424
2049	11	3422
2050	10	3423
2051	11	3422
2052	12	3421
2053	13	3419
2054	11	3422
2055	12	3420
2056	9	3424
2057	9	3423
2058	8	3424
2059	13	3420
2060	8	3425
2061	11	3422
2062	11	3421
2063	12	3420
2064	11	3422
2065	11	3422
2066	13	3420
2067	11	3422
2068	10	3423
2069	8	3425
2070	14	3416
2071	12	3421
2072	11	3421
2073	11	3421
2074	14	3419
2075	15	3415
2076	11	3422
2077	9	3424
2078	11	3422
2079	10	3423
2080	16	3416
2081	11	3422
2082	11	3422
2083	13	3420
2084	7	3426
2085	16	3416
2086	8	3425
2087	14	3419
2088	5	3422
2089	7	3426
2090	8	3425
2091	10	3423
2092	9	3424
2093	10	3423
2094	9	3423
2095	8	3425
2096	7	3425
2097	7	3420
2098	11	3422
2099	13	3420
2100	12	3421
2101	15	3418
2102	14	3419
2103	6	3426
2104	7	3426
2105	4	3429
2106	9	3424
2107	11	3422
2108	8	3425
2109	15	3418
2110	14	3418
2111	9	3424
2112	12	3421
2113	9	3424
2114	12	3421
2115	14	3418
2116	11	3422
2117	9	3424
2118	7	3426
2119	12	3413
2120	9	3423
2121	9	3423
2122	11	3422
2123	17	3416
2124	7	3426
2125	12	3421
2126	13	3420
2127	15	3416
2128	18	3415
2129	16	3417
2130	13	3419
2131	14	3419
2132	12	3421
2133	7	3425
2134	12	3421
2135	11	3422
2136	12	3421
2137	7	3426
2138	15	3418
2139	10	3423
2140	10	3423
2141	10	3423
2142	11	3422
2143	10	3423
2144	8	3425
2145	6	3426
2146	11	3421
2147	13	3420
2148	7	3426
2149	13	3420
2150	13	3420
2151	9	3424
2152	9	3424
2153	9	3424
2154	10	3423
2155	10	3423
2156	13	3419
2157	14	3419
2158	12	3419
2159	4	3429
2160	8	3425
2161	10	3422
2162	15	3417
2163	10	3423
2164	13	3420
2165	9	3423
2166	16	3417
2167	12	3420
2168	6	3427
2169	4	3429
2170	11	3422
2171	10	3422
2172	9	3424
2173	14	3419
2174	8	3425
2175	9	3424
2176	10	3423
2177	13	3420
2178	11	3422
2179	11	3422
2180	13	3419
2181	17	3414
2182	14	3418
2183	10	3422
2184	15	3418
2185	9	3424
2186	11	3422
2187	10	3422
2188	9	3424
2189	10	3418
2190	13	3420
2191	12	3420
2192	13	3420
2193	11	3421
2194	13	3415
2195	14	3419
2196	11	3422
2197	15	3418
2198	14	3419
2199	10	3423
2200	10	3423
2201	11	3419
2202	15	3418
2203	12	3420
2204	8	3424
2205	13	3419
2206	7	3424
2207	7	3426
2208	11	3422
2209	10	3416
2210	6	3427
2211	9	3424
2212	12	3421
2213	11	3421
2214	12	3421
2215	11	3422
2216	15	3418
2217	13	3418
2218	10	3422
2219	7	3426
2220	12	3421
2221	18	3414
2222	14	3416
2223	11	3422
2224	10	3422
2225	12	3421
2226	11	3421
2227	12	3421
2228	14	3418
2229	8	3425
2230	13	3417
2231	7	3426
2232	16	3410
2233	9	3423
2234	10	3422
2235	14	3418
2236	9	3424
2237	15	3418
2238	13	3419
2239	9	3424
2240	15	3418
2241	11	3422
2242	8	3421
2243	12	3420
2244	11	3422
2245	14	3416
2246	8	3425
2247	11	3421
2248	11	3422
2249	12	3420
2250	10	3423
2251	12	3421
2252	12	3420
2253	13	3420
2254	14	3419
2255	13	3420
2256	17	3414
2257	13	3420
2258	12	3421
2259	10	3422
2260	11	3421
2261	16	3417
2262	9	3424
2263	12	3421
2264	22	3411
2265	11	3422
2266	10	3422
2267	12	3420
2268	11	3422
2269	15	3418
2270	12	3421
2271	12	3421
2272	13	3420
2273	17	3405
2274	7	3426
2275	9	3424
2276	12	3420
2277	8	3424
2278	7	3426
2279	15	3418
2280	14	3418
2281	18	3415
2282	12	3421
2283	13	3419
2284	9	3424
2285	15	3416
2286	10	3422
2287	14	3418
2288	10	3423
2289	21	3406
2290	14	3419
2291	12	3421
2292	13	3418
2293	12	3421
2294	13	3420
2295	18	3415
2296	10	3423
2297	13	3420
2298	11	3422
2299	9	3424
2300	11	3422
2301	15	3418
2302	13	3420
2303	10	3423
2304	12	3421
2305	11	3422
2306	13	3420
2307	10	3423
2308	8	3424
2309	8	3425
2310	18	3415
2311	12	3421
2312	13	3420
2313	12	3420
2314	8	3425
2315	12	3421
2316	9	3424
2317	17	3415
2318	14	3419
2319	14	3419
2320	9	3424
2321	11	3420
2322	14	3419
2323	12	3421
2324	14	3407
2325	6	3427
2326	13	3419
2327	8	3425
2328	9	3424
2329	13	3420
2330	10	3423
2331	11	3422
2332	13	3420
2333	9	3424
2334	14	3419
2335	10	3423
2336	15	3417
2337	15	3417
2338	11	3422
2339	14	3419
2340	10	3423
2341	5	3427
2342	11	3422
2343	10	3423
2344	10	3423
2345	10	3423
2346	10	3423
2347	11	3422
2348	16	3417
2349	11	3422
2350	11	3422
2351	11	3421
2352	13	3420
2353	13	3419
2354	16	3417
2355	8	3425
2356	14	3418
2357	8	3425
2358	13	3419
2359	13	3420
2360	11	3417
2361	12	3421
2362	15	3418
2363	9	3424
2364	10	3423
2365	8	3424
2366	15	3417
2367	11	3421
2368	9	3424
2369	8	3424
2370	15	3418
2371	14	3419
2372	8	3425
2373	13	3420
2374	8	3425
2375	8	3425
2376	12	3420
2377	14	3417
2378	8	3425
2379	9	3423
2380	15	3416
2381	11	3416
2382	15	3417
2383	9	3424
2384	9	3424
2385	9	3424
2386	10	3423
2387	10	3423
2388	8	3425
2389	14	3419
2390	12	3421
2391	15	3418
2392	15	3418
2393	18	3415
2394	13	3420
2395	15	3417
2396	10	3422
2397	8	3425
2398	11	3422
2399	7	3425
2400	12	3420
2401	7	3425
2402	9	3422
2403	9	3423
2404	9	3423
2405	11	3422
2406	14	3419
2407	8	3425
2408	15	3416
2409	14	3418
2410	10	3422
2411	10	3422
2412	13	3420
2413	10	3422
2414	11	3422
2415	10	3418
2416	14	3418
2417	12	3421
2418	5	3428
2419	11	3421
2420	9	3424
2421	10	3423
2422	12	3421
2423	9	3424
2424	8	3424
2425	12	3421
2426	13	3420
2427	11	3421
2428	11	3422
2429	12	3421
2430	13	3420
2431	6	3427
2432	8	3425
2433	11	3422
2434	11	3422
2435	12	3421
2436	7	3426
2437	15	3418
2438	13	3420
2439	17	3416
2440	13	3420
2441	14	3419
2442	10	3423
2443	7	3426
2444	8	3420
2445	11	3422
2446	13	3420
2447	16	3417
2448	11	3422
2449	17	3416
2450	12	3420
2451	10	3422
2452	6	3427
2453	7	3426
2454	14	3419
2455	14	3418
2456	14	3413
2457	12	3421
2458	16	3417
2459	10	3418
2460	15	3416
2461	11	3422
2462	12	3420
2463	18	3413
2464	14	3418
2465	12	3421
2466	11	3421
2467	12	3421
2468	16	3411
2469	9	3423
2470	17	3416
2471	16	3416
2472	13	3418
2473	8	3425
2474	10	3423
2475	8	3424
2476	13	3419
2477	12	3421
2478	8	3425
2479	9	3424
2480	12	3421
2481	10	3423
2482	11	3422
2483	4	3429
2484	8	3425
2485	9	3424
2486	12	3421
2487	16	3417
2488	5	3428
2489	11	3420
2490	7	3426
2491	15	3418
2492	11	3422
2493	8	3425
2494	12	3421
2495	10	3422
2496	11	3422
2497	6	3427
2498	12	3421
2499	11	3422
2500	7	3426
2501	8	3425
2502	9	3423
2503	11	3422
2504	10	3423
2505	10	3422
2506	9	3423
2507	8	3425
2508	11	3422
2509	8	3425
2510	6	3424
2511	11	3422
2512	5	3427
2513	7	3425
2514	10	3423
2515	5	3428
2516	9	3424
2517	12	3420
2518	9	3424
2519	9	3423
2520	13	3418
2521	12	3421
2522	14	3419
2523	13	3413
2524	6	3427
2525	7	3426
2526	13	3418
2527	7	3426
2528	15	3416
2529	11	3422
2530	9	3423
2531	9	3424
2532	6	3427
2533	9	3424
2534	8	3424
2535	12	3420
2536	9	3424
2537	8	3419
2538	6	3427
2539	10	3423
2540	15	3418
2541	13	3420
2542	10	3423
2543	15	3417
2544	10	3423
2545	8	3424
2546	7	3426
2547	10	3423
2548	12	3421
2549	12	3421
2550	9	3424
2551	9	3424
2552	15	3418
2553	13	3419
2554	13	3420
2555	11	3422
2556	9	3424
2557	8	3425
2558	6	3427
2559	9	3424
2560	8	3424
2561	12	3421
2562	11	3421
2563	11	3422
2564	4	3429
2565	13	3420
2566	5	3428
2567	12	3421
2568	16	3417
2569	9	3424
2570	10	3423
2571	10	3423
2572	7	3425
2573	11	3422
2574	14	3418
2575	9	3424
2576	11	3421
2577	9	3423
2578	12	3420
2579	10	3421
2580	5	3428
2581	7	3426
2582	10	3422
2583	13	3419
2584	8	3423
2585	11	3422
2586	12	3421
2587	12	3420
2588	12	3421
2589	13	3420
2590	8	3425
2591	10	3423
2592	8	3425
2593	14	3419
2594	10	3422
2595	11	3422
2596	9	3424
2597	11	3422
2598	15	3418
2599	13	3420
2600	9	3424
2601	10	3423
2602	12	3421
2603	8	3425
2604	11	3421
2605	7	3426
2606	16	3417
2607	16	3417
2608	16	3416
2609	13	3418
2610	14	3419
2611	6	3427
2612	7	3426
2613	11	3421
2614	18	3415
2615	14	3419
2616	15	3418
2617	14	3419
2618	10	3422
2619	8	3424
2620	14	3419
2621	12	3420
2622	9	3424
2623	11	3422
2624	15	3418
2625	9	3424
2626	12	3420
2627	16	3417
2628	16	3417
2629	10	3422
2630	5	3428
2631	9	3423
2632	9	3424
2633	19	3413
2634	15	3418
2635	9	3424
2636	16	3417
2637	7	3426
2638	9	3423
2639	10	3423
2640	11	3422
2641	12	3414
2642	12	3416
2643	11	3421
2644	13	3420
2645	11	3422
2646	11	3422
2647	9	3424
2648	10	3423
2649	11	3422
2650	12	3421
2651	11	3422
2652	10	3422
2653	12	3420
2654	19	3413
2655	8	3425
2656	9	3423
2657	8	3425
2658	14	3419
2659	11	3422
2660	9	3424
2661	9	3424
2662	11	3422
2663	12	3421
2664	9	3424
2665	10	3422
2666	11	3422
2667	10	3421
2668	10	3423
2669	11	3422
2670	16	3417
2671	9	3424
2672	10	3422
2673	7	3426
2674	12	3421
2675	10	3423
2676	16	3417
2677	11	3421
2678	6	3427
2679	8	3425
2680	13	3420
2681	13	3420
2682	10	3423
2683	13	3419
2684	15	3418
2685	10	3423
2686	12	3420
2687	16	3417
2688	7	3426
2689	10	3422
2690	11	3421
2691	8	3425
2692	11	3422
2693	15	3418
2694	12	3421
2695	13	3420
2696	10	3423
2697	9	3423
2698	14	3419
2699	11	3422
2700	18	3414
2701	8	3425
2702	7	3426
2703	15	3417
2704	10	3423
2705	15	3417
2706	14	3419
2707	13	3420
2708	12	3421
2709	15	3418
2710	13	3420
2711	12	3421
2712	10	3423
2713	10	3422
2714	16	3417
2715	17	3416
2716	15	3417
2717	10	3423
2718	11	3422
2719	15	3418
2720	12	3420
2721	10	3422
2722	13	3419
2723	12	3421
2724	12	3421
2725	13	3420
2726	15	3417
2727	13	3420
2728	12	3420
2729	11	3422
2730	13	3414
2731	15	3417
2732	9	3418
2733	10	3422
2734	15	3417
2735	11	3422
2736	9	3423
2737	12	3421
2738	11	3422
2739	14	3413
2740	13	3420
2741	9	3424
2742	11	3422
2743	13	3420
2744	9	3424
2745	9	3424
2746	13	3420
2747	14	3412
2748	16	3417
2749	15	3417
2750	10	3423
2751	13	3420
2752	12	3421
2753	10	3423
2754	15	3418
2755	10	3422
2756	18	3408
2757	10	3423
2758	14	3418
2759	12	3421
2760	13	3419
2761	12	3421
2762	14	3419
2763	12	3421
2764	11	3421
2765	17	3416
2766	12	3418
2767	11	3422
2768	8	3425
2769	11	3422
2770	10	3423
2771	9	3424
2772	8	3425
2773	11	3422
2774	12	3421
2775	15	3418
2776	15	3418
2777	16	3416
2778	12	3421
2779	11	3422
2780	9	3424
2781	11	3422
2782	14	3419
2783	13	3419
2784	10	3423
2785	13	3420
2786	14	3419
2787	16	3417
2788	9	3424
2789	10	3423
2790	9	3424
2791	12	3419
2792	13	3420
2793	11	3422
2794	6	3427
2795	11	3421
2796	13	3419
2797	10	3423
2798	11	3421
2799	7	3426
2800	7	3426
2801	7	3426
2802	17	3416
2803	12	3421
2804	10	3423
2805	8	3425
2806	9	3424
2807	9	3424
2808	12	3421
2809	7	3426
2810	10	3422
2811	8	3425
2812	7	3426
2813	12	3420
2814	9	3424
2815	5	3427
2816	10	3423
2817	9	3424
2818	7	3421
2819	10	3423
2820	11	3422
2821	10	3423
2822	10	3423
2823	8	3425
2824	12	3421
2825	12	3421
2826	8	3425
2827	13	3419
2828	17	3416
2829	14	3419
2830	10	3423
2831	8	3424
2832	7	3420
2833	6	3427
2834	12	3421
2835	7	3426
2836	8	3425
2837	7	3426
2838	10	3423
2839	6	3427
2840	9	3424
2841	12	3421
2842	12	3421
2843	9	3424
2844	6	3427
2845	14	3419
2846	11	3422
2847	9	3424
2848	13	3418
2849	7	3426
2850	9	3424
2851	13	3420
2852	11	3422
2853	13	3420
2854	13	3414
2855	8	3425
2856	10	3423
2857	11	3422
2858	6	3427
2859	9	3424
2860	12	3421
2861	10	3423
2862	10	3423
2863	8	3425
2864	10	3423
2865	7	3426
2866	11	3422
2867	8	3425
2868	13	3419
2869	12	3421
2870	10	3423
2871	10	3423
2872	13	3420
2873	10	3422
2874	14	3419
2875	11	3422
2876	6	3427
2877	8	3425
2878	12	3421
2879	8	3424
2880	15	3418
2881	7	3425
2882	10	3423
2883	6	3427
2884	13	3420
2885	14	3419
2886	11	3422
2887	10	3423
2888	11	3422
2889	14	3419
2890	9	3424
2891	9	3419
2892	10	3423
2893	9	3423
2894	9	3424
2895	12	3421
2896	14	3419
2897	8	3424
2898	9	3424
2899	10	3422
2900	7	3426
2901	6	3427
2902	11	3422
2903	12	3421
2904	13	3420
2905	11	3422
2906	11	3422
2907	13	3420
2908	11	3421
2909	8	3425
2910	10	3423
2911	7	3426
2912	12	3421
2913	11	3422
2914	7	3425
2915	13	3420
2916	13	3420
2917	8	3425
2918	11	3422
2919	9	3424
2920	8	3425
2921	12	3421
2922	9	3424
2923	6	3427
2924	18	3415
2925	9	3424
2926	7	3426
2927	10	3423
2928	9	3424
2929	10	3422
2930	9	3424
2931	10	3423
2932	9	3424
2933	13	3420
2934	10	3423
2935	8	3425
2936	11	3422
2937	12	3421
2938	9	3424
2939	13	3420
2940	14	3418
2941	12	3419
2942	8	3425
2943	11	3422
2944	8	3424
2945	13	3420
2946	13	3419
2947	16	3417
2948	9	3424
2949	12	3421
2950	5	3428
2951	13	3419
2952	9	3424
2953	4	3429
2954	9	3424
2955	15	3418
2956	4	3429
2957	8	3425
2958	12	3421
2959	15	3412
2960	13	3420
2961	12	3421
2962	10	3423
2963	10	3423
2964	17	3415
2965	8	3425
2966	10	3422
2967	7	3426
2968	8	3425
2969	9	3424
2970	10	3423
2971	9	3424
2972	8	3425
2973	11	3416
2974	7	3425
2975	14	3418
2976	12	3421
2977	11	3422
2978	10	3423
2979	5	3427
2980	9	3424
2981	7	3426
2982	9	3423
2983	15	3418
2984	6	3427
2985	11	3422
2986	7	3426
2987	9	3424
2988	13	3420
2989	11	3416
2990	9	3424
2991	10	3423
2992	15	3418
2993	8	3425
2994	8	3425
2995	10	3423
2996	8	3425
2997	7	3426
2998	19	3414
2999	7	3426
3000	11	3422
3001	11	3422
3002	12	3415
3003	10	3422
3004	12	3421
3005	14	3419
3006	13	3420
3007	5	3427
3008	5	3428
3009	13	3420
3010	13	3419
3011	11	3421
3012	8	3425
3013	9	3424
3014	15	3418
3015	10	3423
3016	9	3424
3017	10	3423
3018	8	3425
3019	9	3424
3020	13	3420
3021	10	3423
3022	18	3414
3023	11	3421
3024	9	3424
3025	7	3426
3026	11	3420
3027	11	3422
3028	8	3425
3029	6	3426
3030	10	3417
3031	7	3426
3032	8	3425
3033	11	3422
3034	8	3425
3035	13	3420
3036	10	3423
3037	7	3426
3038	9	3424
3039	11	3422
3040	8	3425
3041	14	3419
3042	11	3416
3043	13	3420
3044	9	3422
3045	16	3417
3046	6	3427
3047	12	3420
3048	8	3424
3049	7	3426
3050	10	3423
3051	11	3422
3052	10	3422
3053	16	3417
3054	10	3423
3055	14	3419
3056	6	3427
3057	16	3417
3058	12	3421
3059	10	3423
3060	9	3424
3061	12	3421
3062	12	3420
3063	10	3423
3064	13	3420
3065	7	3420
3066	12	3421
3067	13	3420
3068	10	3423
3069	13	3420
3070	9	3424
3071	8	3425
3072	7	3426
3073	6	3426
3074	5	3428
3075	10	3423
3076	12	3421
3077	9	3424
3078	13	3419
3079	12	3421
3080	11	3422
3081	10	3423
3082	10	3423
3083	14	3419
3084	9	3424
3085	12	3421
3086	13	3420
3087	15	3418
3088	13	3420
3089	10	3423
3090	9	3422
3091	9	3424
3092	8	3424
3093	19	3413
3094	7	3426
3095	15	3418
3096	10	3421
3097	8	3424
3098	10	3423
3099	14	3419
3100	8	3425
3101	14	3419
3102	9	3424
3103	12	3421
3104	10	3423
3105	6	3427
3106	14	3419
3107	15	3417
3108	12	3420
3109	14	3417
3110	10	3423
3111	5	3427
3112	13	3420
3113	10	3423
3114	11	3422
3115	13	3418
3116	11	3422
3117	13	3420
3118	12	3421
3119	10	3423
3120	10	3423
3121	12	3420
3122	12	3421
3123	8	3424
3124	7	3426
3125	11	3422
3126	17	3414
3127	7	3426
3128	9	3423
3129	12	3421
3130	8	3425
3131	18	3414
3132	11	3421
3133	11	3422
3134	7	3425
3135	11	3422
3136	11	3422
3137	9	3424
3138	13	3420
3139	11	3422
3140	11	3422
3141	6	3427
3142	12	3421
3143	8	3425
3144	9	3424
3145	6	3427
3146	10	3423
3147	11	3422
3148	8	3425
3149	12	3419
3150	8	3425
3151	6	3427
3152	10	3423
3153	7	3426
3154	12	3421
3155	10	3422
3156	8	3425
3157	12	3421
3158	7	3426
3159	11	3422
3160	11	3422
3161	9	3424
3162	4	3429
3163	12	3420
3164	13	3415
3165	11	3422
3166	10	3423
3167	7	3426
3168	12	3421
3169	12	3421
3170	14	3419
3171	9	3424
3172	9	3424
3173	10	3423
3174	11	3422
3175	6	3427
3176	10	3423
3177	8	3425
3178	11	3422
3179	9	3424
3180	15	3417
3181	10	3422
3182	11	3422
3183	11	3422
3184	9	3424
3185	9	3424
3186	11	3422
3187	9	3424
3188	11	3422
3189	10	3423
3190	14	3419
3191	14	3419
3192	16	3416
3193	12	3415
3194	8	3425
3195	14	3418
3196	8	3425
3197	14	3418
3198	11	3421
3199	11	3416
3200	18	3413
3201	11	3422
3202	10	3422
3203	8	3425
3204	6	3426
3205	16	3417
3206	10	3423
3207	8	3423
3208	13	3420
3209	10	3422
3210	10	3423
3211	10	3423
3212	8	3425
3213	13	3420
3214	14	3419
3215	10	3423
3216	12	3421
3217	13	3420
3218	10	3423
3219	14	3419
3220	9	3424
3221	8	3425
3222	11	3421
3223	8	3424
3224	13	3420
3225	13	3420
3226	10	3422
3227	5	3428
3228	9	3424
3229	9	3424
3230	6	3426
3231	7	3426
3232	9	3424
3233	12	3421
3234	10	3423
3235	11	3422
3236	11	3422
3237	11	3421
3238	9	3424
3239	11	3420
3240	7	3426
3241	9	3424
3242	7	3426
3243	14	3419
3244	6	3427
3245	11	3422
3246	10	3423
3247	5	3428
3248	8	3425
3249	10	3423
3250	10	3421
3251	11	3422
3252	11	3422
3253	9	3424
3254	9	3423
3255	13	3420
3256	8	3425
3257	8	3424
3258	10	3423
3259	12	3420
3260	14	3419
3261	15	3417
3262	11	3416
3263	10	3423
3264	11	3422
3265	8	3425
3266	11	3422
3267	10	3422
3268	11	3422
3269	11	3422
3270	12	3421
3271	7	3426
3272	13	3419
3273	9	3424
3274	9	3419
3275	14	3419
3276	11	3422
3277	9	3424
3278	9	3424
3279	10	3423
3280	10	3423
3281	13	3420
3282	9	3424
3283	9	3424
3284	9	3424
3285	11	3422
3286	9	3424
3287	11	3422
3288	14	3419
3289	7	3426
3290	13	3420
3291	10	3423
3292	8	3425
3293	6	3427
3294	10	3423
3295	9	3424
3296	6	3427
3297	11	3422
3298	10	3423
3299	11	3422
3300	12	3421
3301	9	3424
3302	11	3422
3303	5	3428
3304	7	3426
3305	12	3421
3306	13	3420
3307	6	3427
3308	10	3423
3309	14	3419
3310	13	3420
3311	13	3420
3312	13	3419
3313	10	3423
3314	12	3421
3315	10	3423
3316	10	3423
3317	9	3424
3318	12	3420
3319	12	3421
3320	14	3419
3321	16	3412
3322	11	3422
3323	6	3427
3324	9	3424
3325	12	3421
3326	7	3426
3327	10	3423
3328	8	3425
3329	11	3422
3330	12	3421
3331	12	3415
3332	14	3419
3333	7	3426
3334	5	3422
3335	9	3424
3336	11	3422
3337	12	3421
3338	12	3414
3339	10	3422
3340	9	3424
3341	13	3420
3342	11	3422
3343	11	3422
3344	11	3422
3345	8	3425
3346	10	3423
3347	9	3424
3348	12	3420
3349	11	3421
3350	7	3420
3351	13	3419
3352	12	3421
3353	6	3427
3354	8	3424
3355	9	3424
3356	8	3425
3357	8	3424
3358	10	3423
3359	8	3425
3360	7	3426
3361	11	3422
3362	9	3424
3363	10	3423
3364	21	3412
3365	12	3421
3366	8	3425
3367	8	3425
3368	6	3427
3369	9	3423
3370	9	3424
3371	9	3424
3372	6	3427
3373	7	3426
3374	15	3418
3375	11	3422
3376	9	3424
3377	9	3424
3378	11	3422
3379	8	3425
3380	9	3424
3381	10	3423
3382	16	3417
3383	11	3422
3384	10	3423
3385	13	3419
3386	10	3423
3387	10	3422
3388	8	3425
3389	8	3425
3390	10	3422
3391	14	3419
3392	11	3422
3393	12	3421
3394	14	3419
3395	8	3425
3396	9	3424
3397	12	3420
3398	11	3422
3399	9	3422
3400	11	3422
3401	11	3422
3402	9	3424
3403	9	3423
3404	12	3420
3405	11	3422
3406	11	3422
3407	8	3425
3408	11	3422
3409	13	3420
3410	9	3424
3411	11	3422
3412	9	3424
3413	8	3425
3414	9	3424
3415	8	3425
3416	12	3420
3417	10	3423
3418	10	3423
3419	9	3424
3420	10	3423
3421	8	3425
3422	14	3414
3423	9	3424
3424	13	3419
3425	8	3425
3426	7	3426
3427	9	3418
3428	10	3423
3429	7	3426
3430	9	3423
3431	10	3423
3432	9	3424
3433	10	3423
3434	12	3421
3435	9	3424
3436	8	3425
3437	13	3420
3438	13	3420
3439	11	3422
3440	14	3418
3441	14	3413
3442	13	3420
3443	13	3418
3444	12	3420
3445	13	3420
3446	14	3419
3447	13	3420
3448	14	3419
3449	10	3423
3450	10	3422
3451	10	3423
3452	5	3428
3453	10	3423
3454	14	3419
3455	9	3424
3456	7	3426
3457	8	3425
3458	13	3420
3459	14	3419
3460	13	3415
3461	12	3421
3462	9	3418
3463	13	3420
3464	7	3426
3465	10	3423
3466	13	3420
3467	13	3420
3468	7	3426
3469	12	3421
3470	10	3423
3471	6	3427
3472	13	3420
3473	14	3419
3474	10	3423
3475	12	3421
3476	9	3424
3477	15	3417
3478	12	3421
3479	12	3421
3480	9	3424
3481	12	3421
3482	13	3418
3483	13	3420
3484	20	3413
3485	11	3422
3486	15	3418
3487	11	3422
3488	14	3418
3489	13	3419
3490	13	3419
3491	15	3417
3492	11	3422
3493	13	3420
3494	9	3423
3495	10	3422
3496	16	3411
3497	10	3423
3498	14	3419
3499	14	3418
3500	6	3427
3501	15	3418
3502	12	3421
3503	10	3423
3504	14	3419
3505	7	3425
3506	14	3418
3507	8	3424
3508	8	3425
3509	14	3419
3510	13	3420
3511	14	3413
3512	10	3422
3513	10	3423
3514	7	3426
3515	11	3422
3516	14	3418
3517	11	3422
3518	14	3418
3519	12	3420
3520	6	3427
3521	10	3422
3522	10	3423
3523	14	3419
3524	8	3425
3525	10	3423
3526	12	3420
3527	10	3422
3528	13	3420
3529	12	3421
3530	11	3422
3531	13	3420
3532	11	3422
3533	14	3419
3534	11	3421
3535	10	3423
3536	10	3423
3537	12	3421
3538	9	3417
3539	8	3425
3540	15	3418
3541	15	3417
3542	14	3419
3543	14	3418
3544	16	3417
3545	14	3418
3546	8	3425
3547	12	3421
3548	8	3423
3549	8	3425
3550	11	3422
3551	10	3423
3552	15	3411
3553	11	3421
3554	14	3413
3555	12	3416
3556	12	3421
3557	12	3421
3558	10	3423
3559	11	3422
3560	12	3421
3561	10	3422
3562	13	3420
3563	10	3422
3564	12	3419
3565	9	3424
3566	9	3423
3567	14	3419
3568	5	3428
3569	9	3424
3570	8	3425
3571	10	3417
3572	13	3420
3573	9	3424
3574	10	3421
3575	7	3425
3576	14	3419
3577	8	3425
3578	11	3422
3579	9	3424
3580	11	3422
3581	14	3419
3582	10	3423
3583	9	3424
3584	15	3418
3585	15	3417
3586	11	3422
3587	10	3423
3588	10	3423
3589	16	3417
3590	11	3422
3591	14	3419
3592	14	3419
3593	10	3423
3594	9	3424
3595	11	3421
3596	16	3417
3597	14	3419
3598	16	3417
3599	12	3420
3600	13	3420
3601	10	3423
3602	14	3418
3603	13	3419
3604	18	3415
3605	19	3414
3606	14	3419
3607	8	3425
3608	8	3425
3609	18	3415
3610	9	3424
3611	16	3417
3612	13	3420
3613	9	3424
3614	13	3418
3615	12	3421
3616	11	3422
3617	15	3418
3618	7	3426
3619	14	3419
3620	9	3424
3621	13	3420
3622	12	3421
3623	13	3419
3624	15	3411
3625	13	3419
3626	9	3424
3627	11	3421
3628	8	3425
3629	16	3416
3630	13	3418
3631	15	3418
3632	13	3419
3633	14	3419
3634	11	3422
3635	12	3420
3636	11	3422
3637	13	3420
3638	17	3416
3639	14	3418
3640	16	3417
3641	15	3418
3642	9	3424
3643	11	3422
3644	8	3425
3645	11	3422
3646	7	3426
3647	15	3418
3648	16	3417
3649	9	3424
3650	15	3417
3651	10	3422
3652	12	3415
3653	10	3423
3654	11	3422
3655	9	3424
3656	7	3426
3657	5	3428
3658	14	3418
3659	9	3424
3660	13	3420
3661	13	3420
3662	17	3416
3663	8	3425
3664	13	3420
3665	12	3421
3666	14	3419
3667	11	3422
3668	10	3423
3669	9	3424
3670	9	3424
3671	10	3423
3672	15	3418
3673	13	3420
3674	11	3422
3675	12	3420
3676	13	3420
3677	14	3419
3678	10	3422
3679	11	3422
3680	12	3421
3681	12	3421
3682	10	3422
3683	14	3419
3684	14	3418
3685	12	3415
3686	8	3425
3687	10	3423
3688	9	3423
3689	9	3424
3690	7	3425
3691	11	3422
3692	13	3418
3693	14	3419
3694	13	3420
3695	11	3422
3696	12	3421
3697	17	3409
3698	8	3425
3699	12	3421
3700	7	3426
3701	13	3420
3702	11	3422
3703	10	3423
3704	8	3424
3705	10	3423
3706	6	3427
3707	11	3422
3708	11	3422
3709	13	3420
3710	14	3418
3711	10	3423
3712	7	3426
3713	4	3429
3714	9	3424
3715	10	3422
3716	12	3421
3717	8	3425
3718	13	3420
3719	11	3422
3720	17	3415
3721	11	3422
3722	11	3422
3723	14	3419
3724	10	3423
3725	12	3421
3726	9	3424
3727	10	3423
3728	12	3420
3729	10	3423
3730	6	3427
3731	11	3422
3732	15	3417
3733	15	3418
3734	16	3417
3735	12	3421
3736	12	3421
3737	12	3421
3738	10	3423
3739	9	3424
3740	20	3413
3741	13	3420
3742	13	3419
3743	9	3424
3744	10	3423
3745	14	3418
3746	13	3420
3747	10	3423
3748	16	3417
3749	13	3420
3750	14	3419
3751	11	3422
3752	12	3421
3753	11	3422
3754	14	3419
3755	7	3426
3756	7	3426
3757	11	3422
3758	12	3421
3759	12	3421
3760	9	3424
3761	14	3418
3762	8	3425
3763	11	3422
3764	6	3427
3765	14	3418
3766	11	3421
3767	10	3422
3768	13	3420
3769	11	3422
3770	11	3422
3771	8	3425
3772	12	3420
3773	12	3421
3774	12	3416
3775	10	3423
3776	16	3416
3777	12	3421
3778	10	3423
3779	11	3422
3780	12	3420
3781	7	3426
3782	11	3422
3783	9	3424
3784	7	3426
3785	12	3421
3786	13	3420
3787	11	3422
3788	10	3423
3789	12	3421
3790	13	3420
3791	8	3425
3792	7	3426
3793	10	3423
3794	15	3418
3795	13	3420
3796	16	3416
3797	11	3422
3798	10	3423
3799	14	3419
3800	10	3422
3801	12	3421
3802	12	3421
3803	16	3411
3804	11	3422
3805	14	3419
3806	10	3423
3807	15	3417
3808	9	3424
3809	8	3425
3810	10	3423
3811	11	3422
3812	9	3424
3813	9	3424
3814	12	3421
3815	13	3420
3816	17	3416
3817	12	3421
3818	10	3423
3819	9	3424
3820	11	3422
3821	11	3422
3822	13	3413
3823	9	3424
3824	11	3422
3825	12	3421
3826	10	3423
3827	9	3424
3828	12	3421
3829	9	3424
3830	7	3426
3831	13	3420
3832	9	3424
3833	10	3417
3834	13	3420
3835	11	3422
3836	6	3427
3837	13	3420
3838	12	3421
3839	8	3425
3840	13	3420
3841	9	3424
3842	16	3417
3843	9	3424
3844	12	3421
3845	13	3413
3846	13	3419
3847	11	3421
3848	14	3418
3849	13	3420
3850	13	3419
3851	8	3425
3852	12	3420
3853	15	3418
3854	11	3422
3855	15	3418
3856	12	3421
3857	11	3422
3858	13	3419
3859	12	3419
3860	9	3424
3861	9	3423
3862	11	3422
3863	11	3422
3864	13	3420
3865	9	3424
3866	14	3419
3867	13	3419
3868	12	3421
3869	10	3423
3870	14	3419
3871	10	3422
3872	19	3413
3873	12	3421
3874	13	3420
3875	8	3425
3876	15	3417
3877	12	3421
3878	14	3419
3879	12	3415
3880	9	3424
3881	13	3420
3882	13	3420
3883	7	3426
3884	6	3427
3885	14	3418
3886	11	3422
3887	9	3424
3888	7	3426
3889	9	3423
3890	11	3422
3891	15	3418
3892	13	3420
3893	5	3428
3894	6	3427
3895	14	3419
3896	12	3421
3897	13	3420
3898	12	3420
3899	9	3424
3900	10	3423
3901	14	3419
3902	13	3420
3903	9	3424
3904	8	3424
3905	11	3422
3906	10	3423
3907	13	3420
3908	10	3423
3909	11	3422
3910	9	3419
3911	12	3421
3912	10	3423
3913	8	3425
3914	9	3423
3915	7	3426
3916	7	3426
3917	7	3426
3918	8	3423
3919	8	3425
3920	13	3420
3921	10	3423
3922	10	3422
3923	10	3416
3924	12	3420
3925	7	3426
3926	8	3425
3927	9	3424
3928	14	3419
3929	11	3422
3930	12	3420
3931	8	3425
3932	14	3419
3933	9	3424
3934	10	3423
3935	11	3422
3936	6	3427
3937	15	3418
3938	13	3419
3939	10	3423
3940	7	3426
3941	13	3420
3942	11	3422
3943	8	3425
3944	8	3425
3945	10	3422
3946	9	3424
3947	14	3419
3948	8	3425
3949	8	3424
3950	12	3421
3951	13	3420
3952	10	3423
3953	16	3417
3954	10	3423
3955	5	3428
3956	12	3421
3957	6	3427
3958	11	3422
3959	14	3419
3960	12	3421
3961	12	3421
3962	8	3425
3963	10	3422
3964	14	3419
3965	6	3427
3966	9	3424
3967	10	3423
3968	9	3422
3969	10	3423
3970	8	3425
3971	11	3421
3972	9	3424
3973	8	3425
3974	12	3421
3975	8	3425
3976	6	3427
3977	7	3426
3978	9	3424
3979	10	3423
3980	8	3425
3981	8	3425
3982	10	3423
3983	11	3422
3984	10	3423
3985	9	3424
3986	11	3422
3987	15	3417
3988	16	3417
3989	11	3422
3990	9	3424
3991	16	3417
3992	16	3417
3993	15	3418
3994	14	3418
3995	9	3424
3996	10	3423
3997	10	3423
3998	6	3427
3999	10	3422
4000	7	3425
4001	12	3421
4002	5	3428
4003	9	3424
4004	10	3423
4005	8	3425
4006	8	3425
4007	14	3419
4008	12	3421
4009	8	3419
4010	10	3423
4011	7	3426
4012	12	3421
4013	12	3421
4014	7	3426
4015	10	3422
4016	9	3424
4017	11	3416
4018	10	3423
4019	7	3426
4020	9	3424
4021	5	3428
4022	9	3424
4023	9	3424
4024	10	3423
4025	5	3428
4026	6	3427
4027	11	3422
4028	9	3424
4029	10	3423
4030	10	3423
4031	15	3418
4032	13	3420
4033	12	3420
4034	6	3427
4035	8	3425
4036	11	3421
4037	8	3425
4038	7	3426
4039	17	3416
4040	8	3425
4041	9	3424
4042	8	3425
4043	8	3425
4044	12	3421
4045	11	3422
4046	7	3426
4047	12	3421
4048	11	3422
4049	11	3422
4050	16	3412
4051	8	3424
4052	10	3423
4053	8	3425
4054	11	3422
4055	13	3420
4056	7	3426
4057	11	3422
4058	10	3423
4059	8	3425
4060	7	3426
4061	12	3421
4062	10	3423
4063	10	3423
4064	14	3419
4065	9	3424
4066	14	3419
4067	10	3423
4068	9	3418
4069	11	3422
4070	9	3424
4071	10	3423
4072	10	3423
4073	7	3426
4074	11	3422
4075	6	3427
4076	9	3424
4077	8	3425
4078	10	3423
4079	9	3424
4080	9	3424
4081	12	3421
4082	11	3422
4083	15	3417
4084	11	3421
4085	11	3422
4086	6	3427
4087	4	3429
4088	7	3426
4089	8	3424
4090	11	3422
4091	6	3427
4092	6	3427
4093	10	3423
4094	4	3429
4095	9	3424
4096	9	3424
4097	7	3426
4098	7	3426
4099	8	3425
4100	7	3426
4101	12	3416
4102	11	3422
4103	9	3419
4104	13	3413
4105	10	3423
4106	9	3424
4107	7	3426
4108	10	3423
4109	12	3419
4110	6	3427
4111	10	3423
4112	8	3425
4113	8	3424
4114	17	3416
4115	15	3418
4116	11	3416
4117	8	3424
4118	9	3424
4119	10	3423
4120	14	3418
4121	12	3421
4122	7	3426
4123	10	3422
4124	12	3421
4125	13	3420
4126	15	3418
4127	13	3416
4128	15	3417
4129	8	3425
4130	11	3422
4131	10	3423
4132	11	3422
4133	6	3427
4134	12	3421
4135	10	3422
4136	12	3421
4137	9	3424
4138	12	3421
4139	14	3419
4140	11	3421
4141	15	3417
4142	15	3418
4143	10	3423
4144	13	3420
4145	17	3410
4146	12	3421
4147	20	3413
4148	13	3420
4149	14	3419
4150	12	3421
4151	9	3424
4152	11	3422
4153	8	3425
4154	14	3419
4155	11	3422
4156	19	3414
4157	10	3422
4158	12	3420
4159	13	3418
4160	14	3419
4161	14	3419
4162	15	3416
4163	13	3420
4164	19	3414
4165	10	3423
4166	13	3419
4167	10	3421
4168	13	3420
4169	9	3424
4170	6	3427
4171	12	3418
4172	12	3421
4173	11	3422
4174	10	3423
4175	12	3421
4176	6	3426
4177	12	3420
4178	12	3420
4179	11	3422
4180	11	3421
4181	11	3422
4182	13	3420
4183	20	3412
4184	9	3424
4185	9	3424
4186	15	3418
4187	8	3425
4188	5	3428
4189	12	3421
4190	10	3423
4191	14	3418
4192	8	3425
4193	7	3426
4194	14	3419
4195	8	3425
4196	10	3423
4197	10	3423
4198	6	3427
4199	14	3419
4200	16	3417
4201	12	3421
4202	8	3425
4203	9	3423
4204	7	3426
4205	11	3421
4206	6	3425
4207	10	3422
4208	8	3425
4209	15	3418
4210	11	3421
4211	11	3422
4212	11	3422
4213	8	3425
4214	10	3423
4215	12	3421
4216	10	3423
4217	6	3427
4218	11	3422
4219	7	3426
4220	10	3421
4221	11	3422
4222	11	3422
4223	7	3426
4224	9	3424
4225	10	3423
4226	9	3423
4227	11	3422
4228	12	3421
4229	12	3421
4230	10	3417
4231	12	3421
4232	11	3422
4233	11	3421
4234	11	3421
4235	14	3419
4236	10	3423
4237	13	3420
4238	15	3417
4239	13	3420
4240	11	3421
4241	13	3419
4242	11	3422
4243	12	3421
4244	7	3426
4245	10	3422
4246	13	3419
4247	14	3418
4248	16	3416
4249	10	3423
4250	11	3422
4251	10	3423
4252	5	3428
4253	9	3423
4254	9	3424
4255	10	3423
4256	16	3417
4257	12	3421
4258	17	3416
4259	10	3423
4260	10	3423
4261	11	3422
4262	11	3422
4263	11	3422
4264	13	3419
4265	13	3419
4266	12	3421
4267	16	3416
4268	15	3417
4269	15	3417
4270	10	3423
4271	14	3419
4272	18	3415
4273	10	3423
4274	11	3422
4275	9	3424
4276	10	3423
4277	13	3420
4278	14	3408
4279	11	3421
4280	9	3424
4281	15	3418
4282	11	3422
4283	12	3421
4284	7	3420
4285	9	3423
4286	10	3423
4287	13	3419
4288	11	3422
4289	6	3427
4290	12	3421
4291	9	3423
4292	9	3423
4293	10	3423
4294	12	3420
4295	9	3424
4296	11	3422
4297	8	3425
4298	19	3413
4299	14	3413
4300	11	3422
4301	12	3419
4302	13	3418
4303	18	3415
4304	11	3422
4305	12	3420
4306	7	3426
4307	11	3421
4308	8	3419
4309	12	3421
4310	9	3424
4311	11	3422
4312	15	3417
4313	10	3423
4314	8	3425
4315	16	3417
4316	12	3421
4317	9	3424
4318	9	3424
4319	8	3425
4320	7	3426
4321	17	3416
4322	14	3419
4323	12	3421
4324	10	3422
4325	13	3420
4326	15	3418
4327	8	3425
4328	11	3422
4329	12	3420
4330	8	3424
4331	8	3425
4332	12	3421
4333	10	3423
4334	12	3421
4335	12	3421
4336	8	3425
4337	8	3425
4338	8	3425
4339	12	3421
4340	11	3422
4341	16	3417
4342	13	3420
4343	19	3414
4344	11	3421
4345	13	3420
4346	10	3423
4347	12	3421
4348	11	3422
4349	11	3422
4350	13	3420
4351	10	3423
4352	7	3426
4353	15	3412
4354	19	3413
4355	19	3414
4356	11	3422
4357	10	3423
4358	11	3422
4359	21	3412
4360	9	3424
4361	15	3418
4362	12	3421
4363	9	3424
4364	5	3428
4365	10	3422
4366	15	3418
4367	9	3424
4368	9	3424
4369	12	3421
4370	9	3424
4371	11	3422
4372	11	3422
4373	11	3422
4374	9	3424
4375	18	3415
4376	4	3429
4377	8	3425
4378	6	3427
4379	10	3423
4380	10	3423
4381	11	3422
4382	14	3418
4383	8	3420
4384	12	3421
4385	15	3417
4386	11	3422
4387	13	3420
4388	10	3418
4389	8	3425
4390	12	3421
4391	8	3425
4392	10	3423
4393	9	3424
4394	10	3423
4395	5	3428
4396	12	3409
4397	9	3424
4398	11	3422
4399	9	3424
4400	12	3421
4401	13	3420
4402	17	3416
4403	14	3419
4404	9	3424
4405	11	3421
4406	10	3423
4407	17	3416
4408	14	3419
4409	11	3422
4410	16	3417
4411	6	3427
4412	14	3419
4413	10	3422
4414	11	3422
4415	8	3425
4416	11	3422
4417	6	3427
4418	14	3419
4419	14	3419
4420	11	3422
4421	10	3422
4422	8	3425
4423	17	3416
4424	12	3421
4425	11	3421
4426	15	3417
4427	11	3421
4428	12	3421
4429	13	3419
4430	8	3424
4431	9	3421
4432	18	3415
4433	12	3420
4434	12	3421
4435	8	3425
4436	8	3424
4437	13	3420
4438	10	3422
4439	9	3424
4440	9	3424
4441	11	3421
4442	17	3415
4443	8	3425
4444	8	3425
4445	16	3416
4446	12	3421
4447	8	3425
4448	12	3420
4449	10	3423
4450	10	3423
4451	17	3416
4452	11	3422
4453	9	3424
4454	11	3421
4455	11	3422
4456	15	3416
4457	9	3423
4458	8	3424
4459	11	3422
4460	9	3424
4461	15	3418
4462	10	3423
4463	10	3423
4464	11	3422
4465	10	3423
4466	12	3420
4467	10	3423
4468	9	3423
4469	8	3424
4470	7	3426
4471	9	3424
4472	16	3417
4473	11	3422
4474	14	3418
4475	15	3417
4476	4	3429
4477	11	3422
4478	6	3427
4479	11	3422
4480	4	3429
4481	13	3420
4482	9	3424
4483	7	3425
4484	15	3418
4485	12	3421
4486	12	3421
4487	9	3424
4488	8	3425
4489	9	3424
4490	11	3422
4491	10	3423
4492	8	3425
4493	9	3423
4494	7	3426
4495	8	3420
4496	14	3418
4497	10	3423
4498	16	3417
4499	13	3420
4500	10	3423
4501	12	3420
4502	9	3424
4503	12	3420
4504	8	3425
4505	8	3424
4506	9	3424
4507	9	3424
4508	9	3424
4509	10	3423
4510	10	3423
4511	8	3423
4512	7	3426
4513	11	3422
4514	8	3419
4515	8	3424
4516	9	3423
4517	10	3423
4518	12	3421
4519	11	3422
4520	11	3422
4521	8	3425
4522	12	3421
4523	11	3422
4524	14	3419
4525	10	3423
4526	5	3428
4527	4	3429
4528	13	3419
4529	9	3423
4530	12	3419
4531	9	3424
4532	8	3425
4533	10	3423
4534	10	3423
4535	11	3422
4536	11	3422
4537	7	3426
4538	9	3424
4539	10	3422
4540	8	3425
4541	8	3425
4542	7	3426
4543	13	3414
4544	7	3426
4545	7	3426
4546	10	3422
4547	9	3424
4548	9	3418
4549	9	3424
4550	10	3423
4551	6	3427
4552	6	3427
4553	2	3431
4554	10	3422
4555	12	3421
4556	7	3426
4557	12	3421
4558	12	3421
4559	7	3426
4560	11	3421
4561	12	3419
4562	9	3424
4563	9	3424
4564	13	3413
4565	8	3425
4566	11	3422
4567	9	3423
4568	6	3427
4569	9	3424
4570	8	3425
4571	7	3426
4572	14	3419
4573	7	3426
4574	14	3419
4575	13	3420
4576	11	3421
4577	11	3422
4578	11	3421
4579	11	3422
4580	13	3414
4581	12	3421
4582	10	3423
4583	14	3419
4584	5	3428
4585	10	3422
4586	9	3424
4587	7	3426
4588	8	3425
4589	11	3422
4590	11	3422
4591	13	3420
4592	8	3425
4593	6	3427
4594	13	3419
4595	11	3421
4596	10	3423
4597	15	3418
4598	13	3419
4599	9	3424
4600	9	3424
4601	10	3423
4602	12	3421
4603	8	3425
4604	11	3422
4605	16	3416
4606	11	3421
4607	12	3421
4608	13	3420
4609	9	3422
4610	13	3419
4611	10	3423
4612	9	3424
4613	10	3423
4614	15	3417
4615	8	3425
4616	10	3423
4617	13	3419
4618	8	3425
4619	15	3418
4620	12	3420
4621	10	3422
4622	7	3426
4623	10	3422
4624	5	3428
4625	15	3417
4626	12	3421
4627	10	3422
4628	7	3425
4629	10	3423
4630	8	3425
4631	13	3420
4632	12	3417
4633	13	3420
4634	9	3424
4635	11	3422
4636	11	3422
4637	10	3423
4638	11	3422
4639	12	3420
4640	9	3424
4641	12	3421
4642	10	3423
4643	16	3417
4644	13	3420
4645	9	3423
4646	14	3418
4647	8	3423
4648	11	3422
4649	6	3426
4650	11	3422
4651	5	3428
4652	9	3424
4653	11	3422
4654	15	3417
4655	14	3419
4656	8	3425
4657	10	3423
4658	7	3425
4659	7	3426
4660	10	3422
4661	11	3422
4662	12	3421
4663	9	3424
4664	14	3418
4665	14	3419
4666	13	3420
4667	11	3422
4668	9	3424
4669	12	3421
4670	11	3421
4671	4	3429
4672	9	3424
4673	12	3420
4674	11	3422
4675	15	3417
4676	10	3423
4677	12	3419
4678	13	3420
4679	9	3423
4680	12	3420
4681	11	3421
4682	9	3424
4683	5	3428
4684	12	3421
4685	10	3423
4686	11	3422
4687	4	3429
4688	11	3421
4689	12	3421
4690	7	3426
4691	9	3423
4692	13	3418
4693	7	3426
4694	13	3420
4695	6	3427
4696	13	3419
4697	7	3426
4698	16	3417
4699	11	3419
4700	9	3424
4701	7	3424
4702	13	3420
4703	13	3419
4704	12	3420
4705	11	3421
4706	13	3420
4707	13	3419
4708	7	3426
4709	12	3421
4710	12	3420
4711	7	3426
4712	11	3421
4713	13	3420
4714	13	3420
4715	14	3418
4716	13	3420
4717	13	3420
4718	9	3423
4719	12	3420
4720	5	3428
4721	8	3423
4722	11	3421
4723	15	3418
4724	11	3422
4725	6	3427
4726	6	3427
4727	7	3426
4728	10	3423
4729	7	3426
4730	10	3423
4731	4	3429
4732	12	3421
4733	6	3427
4734	7	3426
4735	14	3418
4736	10	3423
4737	10	3423
4738	14	3419
4739	8	3424
4740	7	3426
4741	9	3424
4742	11	3422
4743	12	3420
4744	15	3418
4745	10	3423
4746	7	3426
4747	11	3422
4748	8	3425
4749	10	3423
4750	11	3422
4751	9	3423
4752	12	3421
4753	9	3423
4754	5	3428
4755	14	3418
4756	10	3423
4757	7	3426
4758	10	3422
4759	7	3426
4760	9	3423
4761	12	3421
4762	10	3417
4763	10	3417
4764	7	3426
4765	14	3417
4766	9	3424
4767	5	3428
4768	7	3426
4769	8	3425
4770	9	3424
4771	6	3427
4772	11	3422
4773	9	3424
4774	11	3422
4775	9	3424
4776	5	3428
4777	8	3425
4778	10	3422
4779	9	3424
4780	11	3422
4781	11	3422
4782	5	3428
4783	8	3425
4784	10	3418
4785	7	3426
4786	11	3421
4787	10	3422
4788	11	3420
4789	8	3425
4790	6	3427
4791	9	3423
4792	8	3425
