# Ensemble Average Results:
#      Step      Time(ps)      <Temp>      Temp_std         <P>         P_std        <PE>        PE_std        <KE>        KE_std       <Etot>      Etot_std       <Vol>       Vol_std     <Density>   Density_std
    540000.0       1080.0     298.094000       3.407008    2643.739240     601.388321  -21450.036328      14.217484     154.281251       1.763786  -21295.755077      13.482393  116071.444000       0.001953       2.960142       0.000000
    541000.0       1082.0     298.384000       3.232241    2166.693740     259.257598  -21453.034766      11.120764     154.430956       1.672051  -21298.603809      10.062683  116071.444000       0.001953       2.960142       0.000000
    542000.0       1084.0     301.186000       3.963658    1875.594520     463.942678  -21453.708985      11.973783     155.881464       2.051665  -21297.827521      11.316629  116071.444000       0.001953       2.960142       0.000000
    543000.0       1086.0     302.458000       2.854270    2069.545340     285.882585  -21454.194141      10.733278     156.539116       1.478515  -21297.655024      11.163252  116071.444000       0.001953       2.960142       0.000000
    544000.0       1088.0     298.764000       3.561896    1887.503200     167.219546  -21452.800391      10.416699     154.626693       1.843359  -21298.173698      11.041211  116071.444000       0.001953       2.960142       0.000000
    545000.0       1090.0     299.780000       1.665329    2018.373680     248.554670  -21452.770703      10.223780     155.153895       0.861242  -21297.616808       9.995464  116071.444000       0.001953       2.960142       0.000000
    546000.0       1092.0     298.840000       1.258682    2033.565660     525.282046  -21454.330078      10.588405     154.667819       0.651017  -21299.662259      10.694501  116071.444000       0.001953       2.960142       0.000000
    547000.0       1094.0     300.520000       2.645290    2224.038780     485.323619  -21452.636719      11.528163     155.537901       1.369310  -21297.098817      12.591199  116071.444000       0.001953       2.960142       0.000000
    548000.0       1096.0     299.704000       6.028886    2546.281720     294.533017  -21451.988672      10.282123     155.114881       3.120916  -21296.873791      11.191998  116071.444000       0.001953       2.960142       0.000000
    549000.0       1098.0     299.712000       2.820464    2327.948220     293.540355  -21452.601172      12.301277     155.117714       1.459390  -21297.483458      11.532372  116071.444000       0.001953       2.960142       0.000000
    550000.0       1100.0     296.978000       4.285858    2151.944880     415.092276  -21455.543359      11.173387     153.703306       2.218851  -21301.840054      12.721861  116071.444000       0.001953       2.960142       0.000000
    551000.0       1102.0     298.490000       4.938206    2353.448320     654.746089  -21455.941406      12.535131     154.485455       2.554631  -21301.455951      11.267945  116071.444000       0.001953       2.960142       0.000000
    552000.0       1104.0     303.002000       2.703889    2399.500980     278.442937  -21453.736719      10.755920     156.821588       1.398568  -21296.915131       9.782523  116071.444000       0.001953       2.960142       0.000000
    553000.0       1106.0     303.766000       3.886215    2121.893700     432.201998  -21453.445703      12.399498     157.217042       2.011693  -21296.228661      12.195825  116071.444000       0.001953       2.960142       0.000000
    554000.0       1108.0     297.976000       1.629879    2134.532980     456.520373  -21454.035938      11.890898     154.219709       0.842795  -21299.816228      11.783367  116071.444000       0.001953       2.960142       0.000000
    555000.0       1110.0     298.466000       4.817936    2200.717660     210.971982  -21455.044141      11.180526     154.472547       2.493420  -21300.571594      12.758370  116071.444000       0.001953       2.960142       0.000000
    556000.0       1112.0     299.212000       3.003441    2244.028480     205.481530  -21453.412500      14.145300     154.859052       1.554397  -21298.553448      13.743172  116071.444000       0.001953       2.960142       0.000000
    557000.0       1114.0     300.412000       3.388259    2771.991940     322.214964  -21454.889453      12.236140     155.480948       1.752853  -21299.408505      13.107210  116071.444000       0.001953       2.960142       0.000000
    558000.0       1116.0     297.766000       2.168756    2301.061340     293.479276  -21455.266797      12.452158     154.110911       1.121960  -21301.155886      11.619667  116071.444000       0.001953       2.960142       0.000000
    559000.0       1118.0     296.266000       2.699879    1905.187160     302.446692  -21455.468360      11.400569     153.335521       1.397006  -21302.132839      11.988147  116071.444000       0.001953       2.960142       0.000000
    560000.0       1120.0     296.196000       4.003761    1906.418300     591.004865  -21453.681250      11.556141     153.298167       2.072986  -21300.383083      13.488682  116071.444000       0.001953       2.960142       0.000000
    561000.0       1122.0     295.316000       1.911362    1989.110040     383.381261  -21455.303125      11.000847     152.843427       0.989677  -21302.459698      10.526958  116071.444000       0.001953       2.960142       0.000000
    562000.0       1124.0     300.646000       3.341351    2274.890760     147.775763  -21454.419922      11.379894     155.600668       1.728456  -21298.819254      11.075709  116071.444000       0.001953       2.960142       0.000000
    563000.0       1126.0     300.004000       7.429588    2320.098840     218.368833  -21455.231641      12.123443     155.269035       3.844319  -21299.962605      11.063604  116071.444000       0.001953       2.960142       0.000000
    564000.0       1128.0     298.472000       2.943654    2241.528540     402.859157  -21456.130078      11.119590     154.475670       1.524408  -21301.654408      11.320408  116071.444000       0.001953       2.960142       0.000000
    565000.0       1130.0     299.156000       4.530318    2182.810960     245.947244  -21454.794922      11.488827     154.830406       2.344501  -21299.964516      13.037964  116071.444000       0.001953       2.960142       0.000000
    566000.0       1132.0     298.242000       4.280469    2339.324760     214.742918  -21454.782422      11.456121     154.357625       2.214715  -21300.424797      12.964971  116071.444000       0.001953       2.960142       0.000000
    567000.0       1134.0     299.990000       2.015113    2457.393700     505.089317  -21456.194531      11.377500     155.261694       1.043253  -21300.932837      11.657443  116071.444000       0.001953       2.960142       0.000000
    568000.0       1136.0     302.092000       3.324367    2110.067140     320.897021  -21455.739062      11.200759     156.349739       1.721414  -21299.389324      10.083528  116071.444000       0.001953       2.960142       0.000000
    569000.0       1138.0     297.716000       1.865965    2339.650840     395.961833  -21454.044531      12.241165     154.085061       0.965789  -21299.959470      12.116670  116071.444000       0.001953       2.960142       0.000000
    570000.0       1140.0     299.754000       2.610177    2052.509980     262.055486  -21455.211719      13.215398     155.139518       1.351111  -21300.072201      12.533325  116071.444000       0.001953       2.960142       0.000000
    571000.0       1142.0     299.036000       3.861283    1998.814880     397.809583  -21455.698438      12.336446     154.767243       1.998104  -21300.931195      11.626122  116071.444000       0.001953       2.960142       0.000000
    572000.0       1144.0     299.434000       4.837353    2066.334720     338.379861  -21455.946094      11.251973     154.974238       2.502434  -21300.971856      12.175358  116071.444000       0.001953       2.960142       0.000000
    573000.0       1146.0     299.516000       2.824936    2006.915920     194.998409  -21454.777735      11.034543     155.015749       1.460971  -21299.761986      12.411784  116071.444000       0.001953       2.960142       0.000000
    574000.0       1148.0     298.902000       3.304527    1735.225060     474.315777  -21457.049219      11.025065     154.698358       1.709550  -21302.350861      12.424440  116071.444000       0.001953       2.960142       0.000000
    575000.0       1150.0     298.042000       4.496689    2490.575160     420.461971  -21454.864844      12.231104     154.253319       2.328596  -21300.611525      14.107085  116071.444000       0.001953       2.960142       0.000000
    576000.0       1152.0     300.152000       3.346768    2200.266100     349.958006  -21457.000391       9.975146     155.344773       1.732292  -21301.655618       9.260831  116071.444000       0.001953       2.960142       0.000000
    577000.0       1154.0     302.390000       3.663288    2269.095320     181.230427  -21455.161719      12.759990     156.504778       1.895154  -21298.656940      13.266692  116071.444000       0.001953       2.960142       0.000000
    578000.0       1156.0     295.364000       2.328627    2391.641020     640.096197  -21455.569922      12.480251     152.868092       1.205900  -21302.701830      12.238249  116071.444000       0.001953       2.960142       0.000000
    579000.0       1158.0     297.466000       3.949545    2449.249540     329.321436  -21457.694922      12.891285     153.955120       2.045783  -21303.739802      13.897781  116071.444000       0.001953       2.960142       0.000000
    580000.0       1160.0     299.316000       3.898300    2188.699220     324.298534  -21456.725781      12.811310     154.913249       2.017568  -21301.812532      12.735237  116071.444000       0.001953       2.960142       0.000000
    581000.0       1162.0     298.812000       3.888143    1924.881860     327.638595  -21456.197656      12.612761     154.651588       2.011770  -21301.546068      14.012948  116071.444000       0.001953       2.960142       0.000000
    582000.0       1164.0     301.028000       4.740023    2076.637000     207.157720  -21454.838672      11.410287     155.798705       2.452055  -21299.039967       9.526098  116071.444000       0.001953       2.960142       0.000000
    583000.0       1166.0     301.192000       4.766145    2179.398680     210.806163  -21455.914062      12.560491     155.884336       2.467057  -21300.029726      11.639021  116071.444000       0.001953       2.960142       0.000000
    584000.0       1168.0     298.894000       2.684277    2467.429540     260.205761  -21456.292578      12.922421     154.694759       1.388450  -21301.597820      13.002792  116071.444000       0.001953       2.960142       0.000000
    585000.0       1170.0     302.620000       1.946001    2346.396940     433.590791  -21455.676172      11.823224     156.623712       1.007222  -21299.052460      11.864341  116071.444000       0.001953       2.960142       0.000000
    586000.0       1172.0     299.904000       1.478061    1824.602780     236.492177  -21456.381250      11.328690     155.217501       0.765647  -21301.163749      11.075338  116071.444000       0.001953       2.960142       0.000000
    587000.0       1174.0     297.586000       4.376760    2172.715220     481.058793  -21455.916406      11.222069     154.016724       2.264799  -21301.899682      11.755663  116071.444000       0.001953       2.960142       0.000000
    588000.0       1176.0     298.974000       2.398771    1926.105860     370.159298  -21457.733203      10.364101     154.735937       1.240334  -21302.997266      10.362251  116071.444000       0.001953       2.960142       0.000000
    589000.0       1178.0     301.912000       1.440991    2002.365340     278.321433  -21455.948828      13.453608     156.256044       0.745923  -21299.692785      13.121484  116071.444000       0.001953       2.960142       0.000000
    590000.0       1180.0     300.500000       2.242151    2251.700740     478.663901  -21455.467578      12.559190     155.527159       1.161077  -21299.940419      13.211236  116071.444000       0.001953       2.960142       0.000000
    591000.0       1182.0     298.784000       2.829350    2030.463080     341.409851  -21456.783203      13.849097     154.639120       1.464501  -21302.144083      13.517285  116071.444000       0.001953       2.960142       0.000000
    592000.0       1184.0     299.968000       4.015572    2270.326580     265.698519  -21456.114844      12.448203     155.249468       2.079272  -21300.865376      12.939808  116071.444000       0.001953       2.960142       0.000000
    593000.0       1186.0     302.736000       2.806026    2207.563760     424.166584  -21456.163672      10.574932     156.683393       1.452395  -21299.480278       9.584761  116071.444000       0.001953       2.960142       0.000000
    594000.0       1188.0     300.848000       2.055990    2343.060500     281.979853  -21456.464844      12.716402     155.705797       1.064735  -21300.759047      12.736045  116071.444000       0.001953       2.960142       0.000000
    595000.0       1190.0     300.508000       4.206644    2132.118900     329.337463  -21455.965625       9.833019     155.529549       2.177226  -21300.436076      11.594316  116071.444000       0.001953       2.960142       0.000000
    596000.0       1192.0     300.392000       1.469999    2257.606920     331.731909  -21456.608203      12.320617     155.469855       0.760365  -21301.138348      12.270869  116071.444000       0.001953       2.960142       0.000000
    597000.0       1194.0     299.632000       3.257627    2103.763620     480.113257  -21456.571875      11.699519     155.076122       1.685567  -21301.495753      10.469961  116071.444000       0.001953       2.960142       0.000000
    598000.0       1196.0     300.832000       5.389807    2145.976040     279.496337  -21455.609375       9.528743     155.698883       2.789052  -21299.910492      10.998941  116071.444000       0.001953       2.960142       0.000000
    599000.0       1198.0     300.892000       2.760046    2524.531000     413.191035  -21457.820313      10.926031     155.729000       1.428501  -21302.091312      10.896845  116071.444000       0.001953       2.960142       0.000000
    600000.0       1200.0     300.280000       3.764928    2061.447320     532.277139  -21456.468750      10.914101     155.412305       1.949067  -21301.056445      10.217058  116071.444000       0.001953       2.960142       0.000000
    601000.0       1202.0     299.928000       3.425898    2144.601080     387.769288  -21455.312109       9.512494     155.229169       1.772664  -21300.082940       8.951749  116071.444000       0.001953       2.960142       0.000000
    602000.0       1204.0     297.866000       2.789563    2021.864400     529.572908  -21456.556250      11.523452     154.161558       1.443849  -21302.394692      11.534809  116071.444000       0.001953       2.960142       0.000000
    603000.0       1206.0     300.762000       2.990227    2329.883680     284.042445  -21454.787500      10.920939     155.662842       1.547630  -21299.124658       9.478720  116071.444000       0.001953       2.960142       0.000000
    604000.0       1208.0     299.752000       4.634753    2263.909000     227.746464  -21455.591797      11.432867     155.139557       2.398535  -21300.452240      12.081179  116071.444000       0.001953       2.960142       0.000000
    605000.0       1210.0     298.960000       3.447010    2172.172180     382.939936  -21456.612109      11.274774     154.728468       1.783941  -21301.883641      11.435509  116071.444000       0.001953       2.960142       0.000000
    606000.0       1212.0     297.266000       4.164861    2316.157760     525.471980  -21456.688281      11.529909     153.852505       2.155855  -21302.835776       9.658497  116071.444000       0.001953       2.960142       0.000000
    607000.0       1214.0     302.172000       3.286265    2107.799320     107.144388  -21456.715234       9.824623     156.392468       1.700387  -21300.322766      10.234026  116071.444000       0.001953       2.960142       0.000000
    608000.0       1216.0     300.636000       3.654863    2256.185360     331.880525  -21458.349609      11.745905     155.596017       1.892216  -21302.753592      11.776085  116071.444000       0.001953       2.960142       0.000000
    609000.0       1218.0     296.520000       3.932363    2150.312020     502.201559  -21457.041406      12.546014     153.466002       2.035453  -21303.575404      10.702986  116071.444000       0.001953       2.960142       0.000000
    610000.0       1220.0     298.704000       2.714182    2132.906020     256.009991  -21456.090625      10.736617     154.594582       1.404859  -21301.496043      11.956467  116071.444000       0.001953       2.960142       0.000000
    611000.0       1222.0     298.164000       2.441627    2342.227640     347.829154  -21456.090625      11.642710     154.316598       1.263759  -21301.774027      12.543523  116071.444000       0.001953       2.960142       0.000000
    612000.0       1224.0     302.860000       2.820504    2393.155840     356.204122  -21457.362891      12.440365     156.748092       1.459094  -21300.614799      13.503909  116071.444000       0.001953       2.960142       0.000000
    613000.0       1226.0     300.152000       3.730187    2421.979940     351.402214  -21456.230078      12.355436     155.345022       1.930554  -21300.885056      12.297037  116071.444000       0.001953       2.960142       0.000000
    614000.0       1228.0     298.028000       1.930486    2131.585540     438.809990  -21457.201953      12.022493     154.246549       0.999614  -21302.955404      11.494634  116071.444000       0.001953       2.960142       0.000000
    615000.0       1230.0     300.050000       4.306929    2332.299580     321.554588  -21457.226953      11.202104     155.292515       2.229162  -21301.934438       9.786859  116071.444000       0.001953       2.960142       0.000000
    616000.0       1232.0     305.412000       3.306705    2007.880880     327.145775  -21456.295312      13.968577     158.067641       1.711393  -21298.227671      13.518503  116071.444000       0.001953       2.960142       0.000000
    617000.0       1234.0     301.268000       1.586813    2310.563200     579.532510  -21456.350781      11.706940     155.921858       0.820619  -21300.428923      11.751043  116071.444000       0.001953       2.960142       0.000000
    618000.0       1236.0     298.830000       2.849456    2177.099340     262.411714  -21455.067969      11.146030     154.662158       1.473900  -21300.405810      10.003593  116071.444000       0.001953       2.960142       0.000000
    619000.0       1238.0     298.008000       3.257541    2266.202380     239.103051  -21458.270703      10.806443     154.235945       1.686691  -21304.034758      10.493507  116071.444000       0.001953       2.960142       0.000000
    620000.0       1240.0     298.464000       3.500621    2381.461820     185.395996  -21455.670703      12.106199     154.471948       1.811750  -21301.198755      13.738650  116071.444000       0.001953       2.960142       0.000000
    621000.0       1242.0     297.446000       2.119836    2047.663880     283.612672  -21456.704687      13.444665     153.945473       1.098461  -21302.759215      13.576585  116071.444000       0.001953       2.960142       0.000000
    622000.0       1244.0     300.990000       2.868540    2108.424200     220.656825  -21457.035937      10.136833     155.779250       1.485142  -21301.256687       9.460980  116071.444000       0.001953       2.960142       0.000000
    623000.0       1246.0     301.216000       2.594553    2118.688640     260.694943  -21455.527734       9.939100     155.896132       1.341767  -21299.631602      10.567848  116071.444000       0.001953       2.960142       0.000000
    624000.0       1248.0     299.242000       3.789804    2001.919840     284.641545  -21456.398437      12.224542     154.874476       1.962346  -21301.523961      12.573897  116071.444000       0.001953       2.960142       0.000000
    625000.0       1250.0     300.450000       1.914314    2274.879400     224.026024  -21456.200781      10.780992     155.500405       0.989115  -21300.700376      10.171476  116071.444000       0.001953       2.960142       0.000000
    626000.0       1252.0     302.860000       3.483165    2539.672660     323.665432  -21457.429297      12.663293     156.748272       1.802562  -21300.681025      13.543915  116071.444000       0.001953       2.960142       0.000000
    627000.0       1254.0     298.134000       5.617108    2096.020540     320.668687  -21458.787110      10.241034     154.301019       2.905843  -21304.486090      12.236273  116071.444000       0.001953       2.960142       0.000000
    628000.0       1256.0     298.188000       4.469395    2314.415540     359.969784  -21457.239062      10.590789     154.328941       2.312140  -21302.910121       9.978007  116071.444000       0.001953       2.960142       0.000000
    629000.0       1258.0     301.246000       4.969292    2143.051580     362.734045  -21457.200000      11.834651     155.912804       2.572034  -21301.287196      11.818809  116071.444000       0.001953       2.960142       0.000000
    630000.0       1260.0     301.458000       5.267035    2406.005760     269.476924  -21456.519922      11.770459     156.021470       2.725806  -21300.498452      12.871328  116071.444000       0.001953       2.960142       0.000000
    631000.0       1262.0     299.236000       3.307244    2501.753680     271.471810  -21458.679297      11.908125     154.872416       1.711966  -21303.806881      10.835378  116071.444000       0.001953       2.960142       0.000000
    632000.0       1264.0     299.868000       2.876216    2147.359100     278.002563  -21457.224609      12.764333     155.197966       1.488536  -21302.026644      14.148085  116071.444000       0.001953       2.960142       0.000000
    633000.0       1266.0     298.306000       4.819123    2444.117220     320.653547  -21456.925000      11.932443     154.389851       2.492801  -21302.535148      11.300521  116071.444000       0.001953       2.960142       0.000000
    634000.0       1268.0     300.928000       2.667744    2232.831280     431.336040  -21458.588281      13.503928     155.746499       1.379806  -21302.841783      13.028132  116071.444000       0.001953       2.960142       0.000000
    635000.0       1270.0     301.200000       3.322938    2152.276700     350.997702  -21456.576563      11.860109     155.888067       1.719822  -21300.688496      10.550257  116071.444000       0.001953       2.960142       0.000000
    636000.0       1272.0     299.870000       3.386154    1944.732140     219.116075  -21459.398438      10.996102     155.199913       1.753071  -21304.198525      10.005181  116071.444000       0.001953       2.960142       0.000000
    637000.0       1274.0     301.732000       3.281630    2207.288100     503.113072  -21457.238672      10.221022     156.163087       1.699090  -21301.075585       8.696810  116071.444000       0.001953       2.960142       0.000000
    638000.0       1276.0     295.386000       3.029440    2266.557540     311.244898  -21457.197266      12.413935     152.880047       1.568132  -21304.317219      13.555515  116071.444000       0.001953       2.960142       0.000000
    639000.0       1278.0     302.706000       2.709580    2143.990720     445.982659  -21457.507422      11.434541     156.666498       1.401947  -21300.840924      11.776402  116071.444000       0.001953       2.960142       0.000000
    640000.0       1280.0     297.342000       3.382788    2219.537260     127.691193  -21457.997656      10.513092     153.891840       1.752228  -21304.105817       9.989806  116071.444000       0.001953       2.960142       0.000000
    641000.0       1282.0     294.176000       3.216872    2126.640220     285.056657  -21457.882812      13.287848     152.252600       1.664321  -21305.630213      12.193829  116071.444000       0.001953       2.960142       0.000000
    642000.0       1284.0     297.480000       3.378503    2252.903220     247.994464  -21457.383594      10.914323     153.963367       1.748212  -21303.420227      11.807837  116071.444000       0.001953       2.960142       0.000000
    643000.0       1286.0     298.498000       4.108457    2485.786900     655.274660  -21458.924219      10.961471     154.489161       2.126332  -21304.435058      10.635388  116071.444000       0.001953       2.960142       0.000000
    644000.0       1288.0     300.056000       4.156978    1888.264660     307.517922  -21459.012500       9.838233     155.296647       2.151631  -21303.715853      10.906449  116071.444000       0.001953       2.960142       0.000000
    645000.0       1290.0     299.258000       3.681888    2168.592580     186.886901  -21458.219922      10.456522     154.883508       1.905313  -21303.336414      11.115479  116071.444000       0.001953       2.960142       0.000000
    646000.0       1292.0     299.966000       3.982339    2041.599740     363.088135  -21457.742969      10.743002     155.249347       2.061206  -21302.493622       9.353215  116071.444000       0.001953       2.960142       0.000000
    647000.0       1294.0     296.016000       3.460847    1963.299240     429.135925  -21455.998438      10.440374     153.205787       1.791097  -21302.792650      11.430554  116071.444000       0.001953       2.960142       0.000000
    648000.0       1296.0     297.474000       5.213001    2168.498380     473.649166  -21457.351953       9.697261     153.960048       2.697338  -21303.391905       8.963819  116071.444000       0.001953       2.960142       0.000000
    649000.0       1298.0     298.974000       3.386388    2220.513400     342.516733  -21460.352344      11.491166     154.735550       1.752004  -21305.616794      12.063526  116071.444000       0.001953       2.960142       0.000000
    650000.0       1300.0     301.154000       2.501780    2282.529420     318.143733  -21459.129297      11.885126     155.865524       1.294825  -21303.263772      11.391662  116071.444000       0.001953       2.960142       0.000000
    651000.0       1302.0     301.766000       2.402171    2074.858420     193.233693  -21459.295313      11.286745     156.180809       1.243255  -21303.114503      11.400838  116071.444000       0.001953       2.960142       0.000000
    652000.0       1304.0     298.608000       3.386546    2296.408500     301.142685  -21460.235938      11.307462     154.547344       1.752518  -21305.688593       9.820249  116071.444000       0.001953       2.960142       0.000000
    653000.0       1306.0     300.868000       3.359711    2299.971860     230.563629  -21459.059766       9.883594     155.716893       1.739974  -21303.342872       9.804424  116071.444000       0.001953       2.960142       0.000000
    654000.0       1308.0     298.860000       4.001625    2066.815700     448.999483  -21457.348828      11.651453     154.676534       2.070403  -21302.672295      10.965361  116071.444000       0.001953       2.960142       0.000000
    655000.0       1310.0     296.698000       2.484427    2311.018960     461.594589  -21456.926953      11.951752     153.558792       1.286188  -21303.368161      11.521801  116071.444000       0.001953       2.960142       0.000000
    656000.0       1312.0     298.222000       2.618193    2417.778300     446.369796  -21457.503516      10.882198     154.345892       1.354633  -21303.157623      11.042163  116071.444000       0.001953       2.960142       0.000000
    657000.0       1314.0     299.316000       3.357979    2065.195700     274.461372  -21457.373438      12.207681     154.913600       1.737829  -21302.459838      13.768329  116071.444000       0.001953       2.960142       0.000000
    658000.0       1316.0     297.328000       4.773767    2319.451700     639.587507  -21459.338672      11.315519     153.883690       2.470076  -21305.454982      13.503153  116071.444000       0.001953       2.960142       0.000000
    659000.0       1318.0     297.604000       4.031821    2133.902900     448.447685  -21458.061328       9.824822     154.027327       2.086696  -21304.034001       9.715759  116071.444000       0.001953       2.960142       0.000000
    660000.0       1320.0     301.916000       5.670247    2074.514040     227.271118  -21458.200781      10.699542     156.258234       2.934425  -21301.942547      12.394957  116071.444000       0.001953       2.960142       0.000000
    661000.0       1322.0     298.184000       3.416329    2007.923600     487.685978  -21458.727344      10.647477     154.325873       1.768258  -21304.401471       9.046565  116071.444000       0.001953       2.960142       0.000000
    662000.0       1324.0     299.118000       3.564129    2253.109440     603.687478  -21458.376953      10.627859     154.811134       1.845539  -21303.565819      10.415093  116071.444000       0.001953       2.960142       0.000000
    663000.0       1326.0     296.724000       3.902628    2005.838440     314.093068  -21458.728906      13.656837     153.571428       2.019786  -21305.157479      13.585692  116071.444000       0.001953       2.960142       0.000000
    664000.0       1328.0     296.840000       2.628688    2061.119160     282.924776  -21458.847656      11.731266     153.632747       1.360360  -21305.214910      12.332076  116071.444000       0.001953       2.960142       0.000000
    665000.0       1330.0     298.570000       4.470870    2231.564720     398.232987  -21458.856641      11.611312     154.527403       2.313704  -21304.329238      12.368470  116071.444000       0.001953       2.960142       0.000000
    666000.0       1332.0     298.874000       2.352145    2517.540580     379.273806  -21459.221094      13.705227     154.684478       1.216904  -21304.536616      13.895136  116071.444000       0.001953       2.960142       0.000000
    667000.0       1334.0     299.184000       3.242934    2280.641280     287.529621  -21458.091016       9.822511     154.844903       1.679590  -21303.246113      10.645463  116071.444000       0.001953       2.960142       0.000000
    668000.0       1336.0     298.454000       1.745160    2440.712840     405.590775  -21458.254297      11.077429     154.466207       0.903675  -21303.788090      11.047868  116071.444000       0.001953       2.960142       0.000000
    669000.0       1338.0     297.418000       4.310853    2182.610820     236.044323  -21457.986719      10.895652     153.930144       2.231682  -21304.056575      11.382799  116071.444000       0.001953       2.960142       0.000000
    670000.0       1340.0     300.822000       3.071074    2229.983040     333.735096  -21459.681250      11.261940     155.692063       1.589989  -21303.989187      10.795961  116071.444000       0.001953       2.960142       0.000000
    671000.0       1342.0     299.156000       2.721269    1954.382360     537.747540  -21457.172266      11.713887     154.830425       1.408378  -21302.341841      11.663946  116071.444000       0.001953       2.960142       0.000000
    672000.0       1344.0     296.342000       7.862980    2170.943760     317.358690  -21458.337109      11.594544     153.374017       4.069686  -21304.963092      14.751392  116071.444000       0.001953       2.960142       0.000000
    673000.0       1346.0     303.060000       2.138691    2130.104980     299.939248  -21458.840234      13.064273     156.850892       1.106732  -21301.989343      12.792082  116071.444000       0.001953       2.960142       0.000000
    674000.0       1348.0     301.048000       3.710371    2307.073500     274.194046  -21459.563672      11.188029     155.809545       1.920509  -21303.754126      11.127900  116071.444000       0.001953       2.960142       0.000000
    675000.0       1350.0     301.376000       4.557520    2065.047240     692.700358  -21461.555859      10.693513     155.979101       2.357689  -21305.576758      11.824023  116071.444000       0.001953       2.960142       0.000000
    676000.0       1352.0     298.652000       2.929938    2070.922560     483.262144  -21458.571484      11.231542     154.570615       1.515510  -21304.000869       9.755026  116071.444000       0.001953       2.960142       0.000000
    677000.0       1354.0     299.284000       3.846196    2378.485140     242.406850  -21458.625000      10.632423     154.895804       1.990202  -21303.729196       9.110020  116071.444000       0.001953       2.960142       0.000000
    678000.0       1356.0     302.078000       4.117831    2575.551000     406.162892  -21456.602734      11.560682     156.342387       2.131643  -21300.260347      12.628013  116071.444000       0.001953       2.960142       0.000000
    679000.0       1358.0     296.584000       2.209639    2370.024720     371.255728  -21459.285938      10.888552     153.497641       1.143357  -21305.788296      11.387049  116071.444000       0.001953       2.960142       0.000000
    680000.0       1360.0     296.532000       2.961313    2514.301380     189.353435  -21459.785547      10.401973     153.472625       1.530975  -21306.312922      11.123329  116071.444000       0.001953       2.960142       0.000000
    681000.0       1362.0     300.274000       2.297465    2201.680980     369.824194  -21458.933203      13.376037     155.408341       1.188506  -21303.524862      12.989446  116071.444000       0.001953       2.960142       0.000000
    682000.0       1364.0     299.226000       2.821663    2382.085900     258.626862  -21459.208594      12.240518     154.867213       1.460939  -21304.341381      13.399287  116071.444000       0.001953       2.960142       0.000000
    683000.0       1366.0     301.516000       3.789515    2357.175660     297.158520  -21457.798047      11.930551     156.051942       1.961490  -21301.746104      13.569593  116071.444000       0.001953       2.960142       0.000000
    684000.0       1368.0     299.752000       4.888621    2227.776920     461.756687  -21458.996484      10.999888     155.138627       2.529794  -21303.857858      12.419927  116071.444000       0.001953       2.960142       0.000000
    685000.0       1370.0     301.596000       2.769206    2347.225580     586.700745  -21457.699219       9.282085     156.092929       1.433188  -21301.606290       9.794925  116071.444000       0.001953       2.960142       0.000000
    686000.0       1372.0     301.710000       2.898462    1996.994480     499.625365  -21459.180469      12.073607     156.151390       1.499751  -21303.029079      11.171269  116071.444000       0.001953       2.960142       0.000000
    687000.0       1374.0     301.902000       3.879023    2242.777400     366.979216  -21459.601172      11.775251     156.251742       2.007466  -21303.349430      10.445440  116071.444000       0.001953       2.960142       0.000000
    688000.0       1376.0     297.474000       2.358962    2370.193520     337.448922  -21458.222656      10.398114     153.959887       1.221638  -21304.262769      11.333272  116071.444000       0.001953       2.960142       0.000000
    689000.0       1378.0     298.696000       5.234006    2405.760640     339.759003  -21459.099609      11.706562     154.592072       2.709248  -21304.507537      11.880238  116071.444000       0.001953       2.960142       0.000000
    690000.0       1380.0     301.162000       3.031445    1975.904620     219.466528  -21459.190234      11.494694     155.867621       1.569707  -21303.322613      11.619994  116071.444000       0.001953       2.960142       0.000000
    691000.0       1382.0     300.464000       2.108047    2279.646700     428.114098  -21457.466406      12.263275     155.508603       1.090559  -21301.957803      11.959467  116071.444000       0.001953       2.960142       0.000000
    692000.0       1384.0     298.888000       6.349908    2186.732220     320.669238  -21457.475000      10.884446     154.691067       3.285631  -21302.783933      13.792186  116071.444000       0.001953       2.960142       0.000000
    693000.0       1386.0     298.576000       2.678803    1916.025980     371.123911  -21459.232422      12.748416     154.529742       1.385268  -21304.702680      14.054031  116071.444000       0.001953       2.960142       0.000000
    694000.0       1388.0     298.592000       3.684793    2097.614640     334.212826  -21457.819922      10.034949     154.539024       1.906103  -21303.280898       8.564990  116071.444000       0.001953       2.960142       0.000000
    695000.0       1390.0     298.984000       3.355059    2305.598540     393.124878  -21459.061719      11.680527     154.740432       1.737152  -21304.321287      12.271538  116071.444000       0.001953       2.960142       0.000000
    696000.0       1392.0     300.412000       2.674168    2034.421320     368.536221  -21458.836719      12.065394     155.480574       1.384554  -21303.356145      12.802618  116071.444000       0.001953       2.960142       0.000000
    697000.0       1394.0     298.246000       3.445627    2406.121940     368.898700  -21458.264453      10.542347     154.358949       1.783193  -21303.905504      10.253315  116071.444000       0.001953       2.960142       0.000000
    698000.0       1396.0     297.346000       2.291485    1955.954140     310.761332  -21458.373437      11.794648     153.894366       1.185228  -21304.479071      11.860700  116071.444000       0.001953       2.960142       0.000000
    699000.0       1398.0     302.370000       2.099305    2218.747040     183.311247  -21459.041797       9.149255     156.494190       1.086238  -21302.547607       8.103423  116071.444000       0.001953       2.960142       0.000000
    700000.0       1400.0     301.630000       4.729981    2068.529200     350.688530  -21458.887891      11.604315     156.110511       2.447743  -21302.777380      10.558323  116071.444000       0.001953       2.960142       0.000000
    701000.0       1402.0     300.444000       4.622699    2303.312380     395.854829  -21458.073438      12.273145     155.496447       2.392217  -21302.576990      12.927247  116071.444000       0.001953       2.960142       0.000000
    702000.0       1404.0     300.070000       2.617594    1943.890760     373.228250  -21459.073438      11.427772     155.302844       1.354367  -21303.770593      11.933930  116071.444000       0.001953       2.960142       0.000000
    703000.0       1406.0     302.630000       3.634155    2298.407280     378.012148  -21458.635547      12.092628     156.628587       1.880744  -21302.006960      13.165609  116071.444000       0.001953       2.960142       0.000000
    704000.0       1408.0     298.470000       2.167939    2276.221840     333.032417  -21458.468359      10.839208     154.475716       1.121844  -21303.992644      11.178456  116071.444000       0.001953       2.960142       0.000000
    705000.0       1410.0     299.880000       2.800643    2032.357900     188.140358  -21457.811719      10.773941     155.205434       1.449809  -21302.606285      11.426596  116071.444000       0.001953       2.960142       0.000000
    706000.0       1412.0     300.240000       1.021939    2285.889240     487.291429  -21459.033203      11.259649     155.391692       0.529023  -21303.641511      11.180829  116071.444000       0.001953       2.960142       0.000000
    707000.0       1414.0     299.110000       4.132965    2237.276660     736.403628  -21457.853125      13.234322     154.806219       2.138477  -21303.046906      14.268081  116071.444000       0.001953       2.960142       0.000000
    708000.0       1416.0     296.490000       2.649287    2291.441600     439.162865  -21457.871094      12.395775     153.450802       1.371256  -21304.420292      11.639182  116071.444000       0.001953       2.960142       0.000000
    709000.0       1418.0     300.780000       3.907117    2267.836620     330.047980  -21458.908985      13.151159     155.670392       2.022446  -21303.238592      12.127082  116071.444000       0.001953       2.960142       0.000000
    710000.0       1420.0     301.928000       3.122470    2199.755240     256.627501  -21459.398437      11.865514     156.265268       1.616579  -21303.133169      12.892901  116071.444000       0.001953       2.960142       0.000000
    711000.0       1422.0     302.508000       3.508552    2165.795300     204.945365  -21459.519531      10.728647     156.565335       1.817345  -21302.954196      10.241622  116071.444000       0.001953       2.960142       0.000000
    712000.0       1424.0     298.926000       3.117002    2321.067380     260.513715  -21459.535156      12.329309     154.711597       1.614256  -21304.823559      11.229987  116071.444000       0.001953       2.960142       0.000000
    713000.0       1426.0     301.040000       3.597566    2292.525860     416.878108  -21460.499219      13.113412     155.805144       1.861445  -21304.694075      14.591470  116071.444000       0.001953       2.960142       0.000000
    714000.0       1428.0     301.958000       1.532976    2395.140420     486.101099  -21458.047656      12.937508     156.280691       0.793707  -21301.766965      13.197559  116071.444000       0.001953       2.960142       0.000000
    715000.0       1430.0     299.032000       4.031910    1966.029680     561.089496  -21459.198437      10.730295     154.766415       2.087781  -21304.432023       8.684861  116071.444000       0.001953       2.960142       0.000000
    716000.0       1432.0     301.830000       4.895349    2439.726640     399.067754  -21459.198828      11.839407     156.214448       2.534713  -21302.984381      13.351141  116071.444000       0.001953       2.960142       0.000000
    717000.0       1434.0     299.134000       4.911829    2353.845980     337.770055  -21458.392969      11.878036     154.820272       2.541874  -21303.572697      13.563074  116071.444000       0.001953       2.960142       0.000000
    718000.0       1436.0     300.818000       2.811956    2430.622220     462.069999  -21457.685547      10.785090     155.690219       1.456346  -21301.995328      10.581387  116071.444000       0.001953       2.960142       0.000000
    719000.0       1438.0     300.820000       3.444346    2262.344240     647.072330  -21460.231250      12.770550     155.691389       1.781897  -21304.539860      13.625979  116071.444000       0.001953       2.960142       0.000000
    720000.0       1440.0     299.212000       2.836811    2449.138220     492.174326  -21457.632031      13.373834     154.859884       1.467626  -21302.772147      14.248253  116071.444000       0.001953       2.960142       0.000000
    721000.0       1442.0     301.708000       5.831814    2370.357900     657.872154  -21458.379297      11.289741     156.149937       3.017452  -21302.229360      11.510797  116071.444000       0.001953       2.960142       0.000000
    722000.0       1444.0     297.876000       3.555911    2293.561720     320.044572  -21457.213672      11.478546     154.168061       1.840521  -21303.045611      12.512695  116071.444000       0.001953       2.960142       0.000000
    723000.0       1446.0     300.598000       3.257971    2047.330680     351.917614  -21458.176172      12.435601     155.577720       1.685656  -21302.598452      12.456693  116071.444000       0.001953       2.960142       0.000000
    724000.0       1448.0     301.452000       3.750437    1981.941260     403.353711  -21458.398047      10.895859     156.018365       1.940972  -21302.379682      10.398944  116071.444000       0.001953       2.960142       0.000000
    725000.0       1450.0     298.250000       3.109714    2120.332160     459.907712  -21459.340625      12.379510     154.360486       1.608645  -21304.980139      13.234353  116071.444000       0.001953       2.960142       0.000000
    726000.0       1452.0     297.608000       2.992594    2405.669280     170.806346  -21457.827344      10.812879     154.029303       1.548736  -21303.798041      10.723481  116071.444000       0.001953       2.960142       0.000000
    727000.0       1454.0     300.808000       5.489435    2177.956820     229.046563  -21458.723047      11.766422     155.684738       2.842000  -21303.038309      14.148494  116071.444000       0.001953       2.960142       0.000000
    728000.0       1456.0     300.018000       2.637153    2231.823200     439.033530  -21459.562109      11.328189     155.276041       1.364797  -21304.286068      11.824762  116071.444000       0.001953       2.960142       0.000000
    729000.0       1458.0     300.096000       3.127495    2239.606680     382.017840  -21460.301953      12.400865     155.317922       1.618516  -21304.984031      11.955360  116071.444000       0.001953       2.960142       0.000000
    730000.0       1460.0     304.728000       3.571954    1987.412460     344.771257  -21458.096094      12.411036     157.714482       1.847670  -21300.381612      13.165882  116071.444000       0.001953       2.960142       0.000000
    731000.0       1462.0     301.830000       2.147352    2125.013440     514.211489  -21457.688281      12.029643     156.214583       1.111755  -21301.473698      12.132547  116071.444000       0.001953       2.960142       0.000000
    732000.0       1464.0     301.712000       2.230492    1853.017280     461.954540  -21459.650000      12.285933     156.151645       1.154834  -21303.498355      12.062796  116071.444000       0.001953       2.960142       0.000000
    733000.0       1466.0     298.590000       3.337844    2269.176620     257.895139  -21457.946094      10.135683     154.538370       1.728347  -21303.407724      11.673578  116071.444000       0.001953       2.960142       0.000000
    734000.0       1468.0     299.590000       2.656501    1859.962340     622.985909  -21458.202344      11.975000     155.053729       1.375369  -21303.148614      12.825892  116071.444000       0.001953       2.960142       0.000000
    735000.0       1470.0     300.278000       2.265263    2168.882760     429.411760  -21459.528906      11.525303     155.411231       1.172590  -21304.117675      11.018315  116071.444000       0.001953       2.960142       0.000000
    736000.0       1472.0     299.692000       4.226859    2005.686480     284.749653  -21460.362891       9.779838     155.109593       2.187487  -21305.253298      10.210043  116071.444000       0.001953       2.960142       0.000000
    737000.0       1474.0     300.622000       2.819939    1995.225460     283.177968  -21458.956641      12.380418     155.587791       1.459137  -21303.368849      13.256410  116071.444000       0.001953       2.960142       0.000000
    738000.0       1476.0     299.920000       1.868293    2224.577660     537.115920  -21459.470312      11.501607     155.224549       0.967340  -21304.245764      11.714569  116071.444000       0.001953       2.960142       0.000000
    739000.0       1478.0     299.318000       3.349814    2129.019680     329.540903  -21459.262500      12.531211     154.914187       1.733830  -21304.348313      11.970054  116071.444000       0.001953       2.960142       0.000000
    740000.0       1480.0     301.860000       5.516499    2230.044920     259.555469  -21460.057422      12.459334     156.229153       2.855050  -21303.828269      15.211610  116071.444000       0.001953       2.960142       0.000000
    741000.0       1482.0     299.768000       3.826572    2250.540740     303.179576  -21461.139453      12.059945     155.146524       1.980379  -21305.992930      11.509858  116071.444000       0.001953       2.960142       0.000000
    742000.0       1484.0     301.926000       3.717137    2244.938440     446.809806  -21459.231250      10.262323     156.264111       1.924616  -21302.967139      11.840121  116071.444000       0.001953       2.960142       0.000000
    743000.0       1486.0     297.486000       1.943426    2213.513060     316.381999  -21459.650391      11.233494     153.964977       1.004797  -21305.685413      11.166261  116071.444000       0.001953       2.960142       0.000000
    744000.0       1488.0     301.540000       3.281262    2223.792700     455.993141  -21458.464844      11.637421     156.063957       1.697473  -21302.400887      11.093087  116071.444000       0.001953       2.960142       0.000000
    745000.0       1490.0     297.570000       2.342281    2097.534760     457.569768  -21458.026172      12.305159     154.008543       1.211747  -21304.017629      12.735603  116071.444000       0.001953       2.960142       0.000000
    746000.0       1492.0     300.852000       3.817127    1938.337700     167.923588  -21457.633984      10.488288     155.708569       1.975294  -21301.925415      11.381802  116071.444000       0.001953       2.960142       0.000000
    747000.0       1494.0     299.376000       6.237681    2078.837540     452.819505  -21458.380859      11.128808     154.945189       3.229180  -21303.435671      10.166014  116071.444000       0.001953       2.960142       0.000000
    748000.0       1496.0     299.486000       3.410311    2198.109780     187.338391  -21460.445312      13.116344     155.000015       1.765208  -21305.445297      14.674205  116071.444000       0.001953       2.960142       0.000000
    749000.0       1498.0     297.902000       3.348566    2247.543300     576.722435  -21458.812109      12.692351     154.180639       1.733057  -21304.631471      14.350680  116071.444000       0.001953       2.960142       0.000000
    750000.0       1500.0     299.852000       6.757584    1892.621760     399.620104  -21460.862500      11.347853     155.190635       3.497878  -21305.671865      14.328744  116071.444000       0.001953       2.960142       0.000000
    751000.0       1502.0     299.322000       1.231055    1932.404580     246.723339  -21457.738281      12.031502     154.916544       0.637253  -21302.821738      12.210181  116071.444000       0.001953       2.960142       0.000000
    752000.0       1504.0     301.864000       3.933449    1931.312740     307.542611  -21459.545703      10.076123     156.231926       2.036200  -21303.313777      11.288596  116071.444000       0.001953       2.960142       0.000000
    753000.0       1506.0     299.066000       2.311870    2156.281960     389.761920  -21458.003516      11.143194     154.783439       1.196512  -21303.220077      12.117410  116071.444000       0.001953       2.960142       0.000000
    754000.0       1508.0     299.630000       1.302966    1739.432020     321.639368  -21457.683984      11.481447     155.076052       0.674318  -21302.607932      12.110427  116071.444000       0.001953       2.960142       0.000000
    755000.0       1510.0     299.188000       2.621064    2337.519920     196.128952  -21458.466797      11.255654     154.848187       1.356287  -21303.618610      11.260943  116071.444000       0.001953       2.960142       0.000000
    756000.0       1512.0     298.494000       2.810840    1761.115680     303.618883  -21460.707031       9.038896     154.486926       1.455082  -21306.220105       7.658939  116071.444000       0.001953       2.960142       0.000000
    757000.0       1514.0     297.522000       3.877687    2027.306960     336.086476  -21459.966406      10.526376     153.985927       2.006806  -21305.980479      11.091636  116071.444000       0.001953       2.960142       0.000000
    758000.0       1516.0     296.926000       3.217531    2609.615020     394.798637  -21459.190625      10.038610     153.676199       1.665692  -21305.514426      10.675687  116071.444000       0.001953       2.960142       0.000000
    759000.0       1518.0     298.060000       1.401642    2449.035220     158.353350  -21459.761719      10.932087     154.263655       0.724776  -21305.498064      11.335114  116071.444000       0.001953       2.960142       0.000000
    760000.0       1520.0     299.952000       3.556810    2327.411180     572.944289  -21460.210938      13.361673     155.242505       1.839259  -21304.968432      13.838592  116071.444000       0.001953       2.960142       0.000000
    761000.0       1522.0     300.288000       2.697580    2088.310660     414.163640  -21460.711328      10.717133     155.416242       1.395737  -21305.295087       9.971518  116071.444000       0.001953       2.960142       0.000000
    762000.0       1524.0     300.436000       3.888622    2455.118980     200.694775  -21460.164844      11.445521     155.492899       2.012067  -21304.671945      12.140082  116071.444000       0.001953       2.960142       0.000000
    763000.0       1526.0     299.218000       2.690364    2383.066560     557.042421  -21460.119140      11.681228     154.861321       1.391610  -21305.257819      10.895543  116071.444000       0.001953       2.960142       0.000000
    764000.0       1528.0     299.710000       1.476604    2124.957420     285.434552  -21459.874219      11.060372     155.117622       0.764145  -21304.756597      10.944182  116071.444000       0.001953       2.960142       0.000000
    765000.0       1530.0     300.746000       2.845260    1950.822380     352.000123  -21460.312890      11.010332     155.653222       1.473958  -21304.659668      10.805360  116071.444000       0.001953       2.960142       0.000000
    766000.0       1532.0     297.320000       4.984929    2208.885820     413.362199  -21459.497265      10.411875     153.880401       2.579747  -21305.616865      11.479999  116071.444000       0.001953       2.960142       0.000000
    767000.0       1534.0     298.014000       2.317366    2065.834880     386.870481  -21457.861328      11.667868     154.239224       1.199960  -21303.622104      11.388627  116071.444000       0.001953       2.960142       0.000000
    768000.0       1536.0     299.332000       3.158186    2341.334680     355.519069  -21459.346875      11.259467     154.920776       1.634514  -21304.426099      10.907044  116071.444000       0.001953       2.960142       0.000000
    769000.0       1538.0     303.282000       3.753960    2235.181340     353.987596  -21459.795703      10.809000     156.967010       1.942098  -21302.828693       9.178335  116071.444000       0.001953       2.960142       0.000000
    770000.0       1540.0     297.894000       1.537395    2270.272360     334.188854  -21458.544531       9.417181     154.177976       0.797076  -21304.366556      10.012019  116071.444000       0.001953       2.960142       0.000000
    771000.0       1542.0     299.288000       3.022273    2138.669180     461.836858  -21460.011719      13.382080     154.897701       1.565307  -21305.114018      13.524924  116071.444000       0.001953       2.960142       0.000000
    772000.0       1544.0     299.798000       5.513860    2110.518420     305.948045  -21460.391797      11.497480     155.162619       2.852842  -21305.229178      11.963679  116071.444000       0.001953       2.960142       0.000000
    773000.0       1546.0     298.590000       0.894785    1971.379760     275.290640  -21459.185156      11.206786     154.537099       0.463354  -21304.648057      11.496448  116071.444000       0.001953       2.960142       0.000000
    774000.0       1548.0     296.876000       2.098043    2162.448200     303.862515  -21459.863281      10.985839     153.649842       1.084829  -21306.213439      11.623805  116071.444000       0.001953       2.960142       0.000000
    775000.0       1550.0     298.892000       2.920516    1844.653060     494.639640  -21458.665625      11.224644     154.692231       1.510995  -21303.973394      12.530451  116071.444000       0.001953       2.960142       0.000000
    776000.0       1552.0     303.084000       3.714510    2062.406940     128.843508  -21460.438281      13.574932     156.863026       1.922150  -21303.575255      13.526245  116071.444000       0.001953       2.960142       0.000000
    777000.0       1554.0     299.202000       4.337637    1840.740220     387.058505  -21458.514062      10.755083     154.854341       2.244509  -21303.659721       9.459212  116071.444000       0.001953       2.960142       0.000000
    778000.0       1556.0     302.662000       1.672022    2057.130020     249.350816  -21460.525781      11.296027     156.644340       0.865361  -21303.881442      11.544041  116071.444000       0.001953       2.960142       0.000000
    779000.0       1558.0     300.822000       3.315910    2318.083500     472.462141  -21460.461719      10.733037     155.692445       1.715630  -21304.769273      11.869912  116071.444000       0.001953       2.960142       0.000000
    780000.0       1560.0     296.908000       4.894942    1926.723860     311.281240  -21460.324219      12.522899     153.665905       2.532588  -21306.658313      12.588196  116071.444000       0.001953       2.960142       0.000000
    781000.0       1562.0     299.212000       4.903042    1781.765120     203.259315  -21459.731250      11.987565     154.858403       2.538101  -21304.872847      10.380023  116071.444000       0.001953       2.960142       0.000000
    782000.0       1564.0     295.756000       4.171856    1936.589640     328.740361  -21460.867578      10.063945     153.070831       2.159277  -21307.796747       8.171632  116071.444000       0.001953       2.960142       0.000000
    783000.0       1566.0     298.930000       5.819241    1976.938840     349.464966  -21459.280469      12.027392     154.712973       3.011856  -21304.567496      13.673766  116071.444000       0.001953       2.960142       0.000000
    784000.0       1568.0     298.862000       3.457614    2075.141520     440.827907  -21459.225391      12.892877     154.677547       1.789107  -21304.547844      14.072006  116071.444000       0.001953       2.960142       0.000000
    785000.0       1570.0     299.464000       5.676325    2124.854560     404.570774  -21460.263672      10.699486     154.988332       2.937809  -21305.275339      11.234463  116071.444000       0.001953       2.960142       0.000000
    786000.0       1572.0     301.166000       4.354784    2321.225700     524.577099  -21459.492969      10.493426     155.870330       2.253057  -21303.622639       9.268583  116071.444000       0.001953       2.960142       0.000000
    787000.0       1574.0     297.606000       7.229638    2124.867320     235.378444  -21458.768359      10.107693     154.028922       3.742515  -21304.739437      10.904582  116071.444000       0.001953       2.960142       0.000000
    788000.0       1576.0     296.984000       3.156673    2103.465700     298.728598  -21459.012891      12.893348     153.704225       1.634000  -21305.308665      13.409989  116071.444000       0.001953       2.960142       0.000000
    789000.0       1578.0     296.342000       3.185551    2257.322300     459.982349  -21460.102734      13.073398     153.373943       1.649014  -21306.728791      14.243203  116071.444000       0.001953       2.960142       0.000000
    790000.0       1580.0     301.204000       1.107007    2276.796520     458.858767  -21459.876562      12.494810     155.890347       0.572512  -21303.986215      12.669685  116071.444000       0.001953       2.960142       0.000000
