# Ensemble Average Results:
#      Step      Time(ps)      <Temp>      Temp_std         <P>         P_std        <PE>        PE_std        <KE>        KE_std       <Etot>      Etot_std       <Vol>       Vol_std     <Density>   Density_std
   1290000.0       2580.0     303.092000       3.836839    1758.859480     415.139680  -21460.865234      12.349754     156.867020       1.987368  -21303.998214      12.666619  116071.444000       0.001953       2.960142       0.000000
   1290000.0       2580.0     303.092000       3.836839    1758.860840     415.139655  -21460.859375      12.346377     156.867020       1.987368  -21303.992354      12.663983  116071.444000       0.001953       2.960142       0.000000
   1291000.0       2582.0     303.156000       3.843699    1974.113500     337.655485  -21460.887891      11.361729     156.899902       1.989816  -21303.987988      12.680725  116071.444000       0.001953       2.960142       0.000000
   1292000.0       2584.0     302.354000       5.357599    2546.480560     309.265523  -21460.469141      10.572890     156.486497       2.772984  -21303.982644      12.678797  116071.444000       0.001953       2.960142       0.000000
   1293000.0       2586.0     302.522000       3.818735    1954.861480     164.275943  -21460.546094      11.797377     156.572430       1.976664  -21303.973664      12.669236  116071.444000       0.001953       2.960142       0.000000
   1294000.0       2588.0     303.420000       3.050010    2402.057520     347.056213  -21461.027734      11.599821     157.036938       1.577977  -21303.990796      12.679119  116071.444000       0.001953       2.960142       0.000000
   1295000.0       2590.0     302.304000       4.012264    2201.012100     314.825827  -21460.460156      11.290161     156.459864       2.075970  -21304.000292      12.661727  116071.444000       0.001953       2.960142       0.000000
   1296000.0       2592.0     302.792000       4.494162    1910.071620     191.510391  -21460.710937      10.833927     156.711974       2.325572  -21303.998964      12.691384  116071.444000       0.001953       2.960142       0.000000
   1297000.0       2594.0     304.264000       3.164772    1942.026760     341.722614  -21461.460156      12.482823     157.473146       1.639110  -21303.987010      12.698485  116071.444000       0.001953       2.960142       0.000000
   1298000.0       2596.0     302.728000       5.768062    2123.880360     120.239449  -21460.669141      10.412995     156.679521       2.985971  -21303.989620      12.680515  116071.444000       0.001953       2.960142       0.000000
   1299000.0       2598.0     302.322000       2.414890    2100.182680     272.761360  -21460.444141      12.070880     156.467770       1.248660  -21303.976371      12.684574  116071.444000       0.001953       2.960142       0.000000
   1300000.0       2600.0     301.962000       2.276431    1890.106860     420.307252  -21460.278516      12.876171     156.282029       1.178244  -21303.996486      12.679768  116071.444000       0.001953       2.960142       0.000000
   1301000.0       2602.0     304.642000       1.726122    2224.756320     176.354545  -21461.659766      12.051440     157.668319       0.893268  -21303.991447      12.667201  116071.444000       0.001953       2.960142       0.000000
   1302000.0       2604.0     301.280000       4.066325    2078.334400     309.160812  -21459.920313      10.908434     155.929401       2.104534  -21303.990912      12.666067  116071.444000       0.001953       2.960142       0.000000
   1303000.0       2606.0     303.050000       4.313129    2244.145560     360.795612  -21460.838281      11.234206     156.844475       2.231874  -21303.993807      12.681104  116071.444000       0.001953       2.960142       0.000000
   1304000.0       2608.0     302.878000       5.508856    2231.090820     552.667113  -21460.740625      11.334225     156.756398       2.849709  -21303.984227      12.676439  116071.444000       0.001953       2.960142       0.000000
   1305000.0       2610.0     303.182000       2.759488    1949.116020     373.986809  -21460.903906      11.502686     156.914174       1.428038  -21303.989732      12.672653  116071.444000       0.001953       2.960142       0.000000
   1306000.0       2612.0     303.504000       4.116783    2304.263600     326.315729  -21461.065625      11.676166     157.080075       2.129294  -21303.985550      12.680315  116071.444000       0.001953       2.960142       0.000000
   1307000.0       2614.0     305.508000       0.548285    1836.806920     512.559503  -21462.097656      12.444971     158.118062       0.284045  -21303.979594      12.681473  116071.444000       0.001953       2.960142       0.000000
   1308000.0       2616.0     302.548000       3.963500    2387.015540     401.868130  -21460.588672      11.347392     156.585578       2.052584  -21304.003094      12.667959  116071.444000       0.001953       2.960142       0.000000
   1309000.0       2618.0     305.102000       4.506526    1991.629160     464.293226  -21461.911328      11.332055     157.908534       2.332891  -21304.002794      12.676936  116071.444000       0.001953       2.960142       0.000000
   1310000.0       2620.0     303.474000       2.194052    2104.954460     493.924056  -21461.059766      12.680101     157.065481       1.135323  -21303.994285      12.683451  116071.444000       0.001953       2.960142       0.000000
   1311000.0       2622.0     304.310000       2.673103    1997.853860     356.903793  -21461.491797      12.735043     157.497362       1.383192  -21303.994435      12.664170  116071.444000       0.001953       2.960142       0.000000
   1312000.0       2624.0     302.884000       3.437095    2071.521820     524.617824  -21460.739844      11.951500     156.759190       1.779463  -21303.980654      12.679201  116071.444000       0.001953       2.960142       0.000000
   1313000.0       2626.0     303.684000       3.595055    1931.256080     417.891079  -21461.160547      11.553195     157.175074       1.860086  -21303.985472      12.681999  116071.444000       0.001953       2.960142       0.000000
   1314000.0       2628.0     304.246000       5.250995    2328.442400     485.230362  -21461.451562      11.800351     157.464700       2.718438  -21303.986863      12.687237  116071.444000       0.001953       2.960142       0.000000
   1315000.0       2630.0     304.784000       4.884025    1929.795120     230.467839  -21461.741406      10.959932     157.742781       2.528818  -21303.998626      12.671707  116071.444000       0.001953       2.960142       0.000000
   1316000.0       2632.0     304.018000       5.153137    1905.287060     371.564645  -21461.334375      10.992828     157.346749       2.668116  -21303.987626      12.676068  116071.444000       0.001953       2.960142       0.000000
   1317000.0       2634.0     302.700000       3.113731    2007.942460     357.405110  -21460.657812      12.715065     156.663648       1.612167  -21303.994164      12.672350  116071.444000       0.001953       2.960142       0.000000
   1318000.0       2636.0     303.888000       4.094315    2080.223120     127.378565  -21461.262109      11.522945     157.279262       2.119688  -21303.982847      12.663944  116071.444000       0.001953       2.960142       0.000000
   1319000.0       2638.0     304.658000       4.435518    1956.652940     273.551465  -21461.662500      11.797532     157.678266       2.295445  -21303.984234      12.662392  116071.444000       0.001953       2.960142       0.000000
   1320000.0       2640.0     306.008000       4.966272    1945.385440     346.034905  -21462.345313      11.327560     158.375638       2.570800  -21303.969675      12.664986  116071.444000       0.001953       2.960142       0.000000
   1321000.0       2642.0     305.200000       4.538564    2245.231240     290.795711  -21461.959375      10.574161     157.958205       2.348350  -21304.001169      12.673946  116071.444000       0.001953       2.960142       0.000000
   1322000.0       2644.0     300.836000       3.472933    2075.255460     394.671774  -21459.681250      11.656160     155.698973       1.796677  -21303.982277      12.670495  116071.444000       0.001953       2.960142       0.000000
   1323000.0       2646.0     303.330000       3.434769    2279.221180     223.062101  -21460.999609      11.741802     156.991865       1.778635  -21304.007745      12.663399  116071.444000       0.001953       2.960142       0.000000
   1324000.0       2648.0     304.022000       4.027274    2111.950700     259.602676  -21461.348047      11.630373     157.348124       2.083304  -21303.999923      12.660649  116071.444000       0.001953       2.960142       0.000000
   1325000.0       2650.0     303.992000       4.550611    1963.735800     311.538716  -21461.312500      10.677174     157.333521       2.354694  -21303.978979      12.675987  116071.444000       0.001953       2.960142       0.000000
   1326000.0       2652.0     301.864000       6.067186    1686.814280     257.778779  -21460.220703      11.919220     156.231367       3.139205  -21303.989336      12.666809  116071.444000       0.001953       2.960142       0.000000
   1327000.0       2654.0     303.358000       3.258198    2262.490160     504.355519  -21461.004687      11.799180     157.004880       1.685826  -21303.999807      12.668058  116071.444000       0.001953       2.960142       0.000000
   1328000.0       2656.0     303.772000       6.084447    2366.185480     362.630470  -21461.205469      11.352897     157.219075       3.147864  -21303.986394      12.675992  116071.444000       0.001953       2.960142       0.000000
   1329000.0       2658.0     304.378000       4.807937    2193.340260     368.768692  -21461.532031      10.711874     157.533909       2.489285  -21303.998122      12.674377  116071.444000       0.001953       2.960142       0.000000
   1330000.0       2660.0     303.742000       3.989954    1944.915340     366.341129  -21461.202344      11.747397     157.203251       2.064789  -21303.999092      12.676754  116071.444000       0.001953       2.960142       0.000000
   1331000.0       2662.0     303.016000       4.874852    2178.477920     488.887386  -21460.817969      10.819857     156.827490       2.522365  -21303.990479      12.678275  116071.444000       0.001953       2.960142       0.000000
   1332000.0       2664.0     302.746000       2.161533    1895.091680     500.019081  -21460.695703      12.086173     156.686471       1.119003  -21304.009232      12.669663  116071.444000       0.001953       2.960142       0.000000
   1333000.0       2666.0     303.234000       2.662056    2276.101180     226.010776  -21460.921484      12.144131     156.940811       1.378174  -21303.980674      12.668512  116071.444000       0.001953       2.960142       0.000000
   1334000.0       2668.0     303.204000       4.091198    1896.133300     643.369614  -21460.904297      11.402486     156.925187       2.117292  -21303.979110      12.671994  116071.444000       0.001953       2.960142       0.000000
   1335000.0       2670.0     302.816000       4.284538    1823.773180     554.155719  -21460.728906      11.810206     156.724288       2.217945  -21304.004618      12.663301  116071.444000       0.001953       2.960142       0.000000
   1336000.0       2672.0     305.450000       3.900508    1970.488120     545.393484  -21462.069531      12.922408     158.087739       2.018805  -21303.981793      12.674855  116071.444000       0.001953       2.960142       0.000000
   1337000.0       2674.0     303.538000       4.475365    1983.308440     355.238766  -21461.097656      11.434593     157.097825       2.316802  -21303.999831      12.672473  116071.444000       0.001953       2.960142       0.000000
   1338000.0       2676.0     304.156000       2.540265    2256.027060     393.771143  -21461.417578      12.603020     157.418296       1.313714  -21303.999282      12.692138  116071.444000       0.001953       2.960142       0.000000
   1339000.0       2678.0     304.922000       4.731729    2250.898740     349.390971  -21461.809375      11.011440     157.814879       2.448146  -21303.994496      12.675274  116071.444000       0.001953       2.960142       0.000000
   1340000.0       2680.0     302.922000       2.056827    2355.517440     535.366154  -21460.767969      12.660807     156.779449       1.064383  -21303.988520      12.687111  116071.444000       0.001953       2.960142       0.000000
   1341000.0       2682.0     302.340000       2.998766    2012.090380     230.960155  -21460.471094      12.110541     156.478308       1.552340  -21303.992786      12.679428  116071.444000       0.001953       2.960142       0.000000
   1342000.0       2684.0     303.118000       3.509857    2060.640780     292.971316  -21460.875391      11.890726     156.881135       1.816154  -21303.994255      12.673402  116071.444000       0.001953       2.960142       0.000000
   1343000.0       2686.0     306.434000       3.568964    1998.008380     253.892421  -21462.590625      12.494698     158.596091       1.847731  -21303.994534      12.688125  116071.444000       0.001953       2.960142       0.000000
   1344000.0       2688.0     301.348000       4.906043    2334.413480     330.382079  -21459.946094      11.961744     155.964515       2.539854  -21303.981578      12.671175  116071.444000       0.001953       2.960142       0.000000
   1345000.0       2690.0     305.224000       2.929564    1994.021020     156.872761  -21461.962891      13.089696     157.970575       1.516379  -21303.992316      12.671832  116071.444000       0.001953       2.960142       0.000000
   1346000.0       2692.0     305.722000       3.623067    2032.092760     319.884412  -21462.241016      10.882345     158.228325       1.873859  -21304.012690      12.674217  116071.444000       0.001953       2.960142       0.000000
   1347000.0       2694.0     304.192000       5.102875    2028.909940     248.967781  -21461.425391      10.295095     157.436751       2.641095  -21303.988640      12.665001  116071.444000       0.001953       2.960142       0.000000
   1348000.0       2696.0     304.370000       2.875413    2505.695280     282.054851  -21461.516406      11.375375     157.529459       1.488374  -21303.986947      12.673046  116071.444000       0.001953       2.960142       0.000000
   1349000.0       2698.0     305.792000       5.864651    2035.986100     360.557737  -21462.244922      11.228680     158.264686       3.036733  -21303.980236      12.660116  116071.444000       0.001953       2.960142       0.000000
   1350000.0       2700.0     304.104000       4.835281    2014.004520     210.823247  -21461.374219      11.241918     157.391656       2.502064  -21303.982563      12.674570  116071.444000       0.001953       2.960142       0.000000
   1351000.0       2702.0     304.640000       4.250308    1953.099500     352.742001  -21461.677734      10.570743     157.668734       2.200238  -21304.009000      12.676378  116071.444000       0.001953       2.960142       0.000000
   1352000.0       2704.0     303.576000       4.512909    1882.710800     227.944086  -21461.084375      11.086822     157.118614       2.335837  -21303.965761      12.680839  116071.444000       0.001953       2.960142       0.000000
   1353000.0       2706.0     305.050000       5.196272    2207.903540     375.950272  -21461.868750      11.258228     157.881015       2.690174  -21303.987735      12.658486  116071.444000       0.001953       2.960142       0.000000
   1354000.0       2708.0     303.820000       4.312271    1987.616860     148.981282  -21461.224610      10.962273     157.244285       2.233476  -21303.980324      12.665584  116071.444000       0.001953       2.960142       0.000000
   1355000.0       2710.0     305.834000       4.023042    1767.462980     181.919439  -21462.275391      11.431918     158.286354       2.082491  -21303.989037      12.664510  116071.444000       0.001953       2.960142       0.000000
   1356000.0       2712.0     301.822000       5.056285    2042.200240     385.219390  -21460.209375      11.433668     156.209803       2.616922  -21303.999572      12.661071  116071.444000       0.001953       2.960142       0.000000
   1357000.0       2714.0     304.112000       4.219471    2016.018300     292.458144  -21461.396485      10.846376     157.396021       2.182983  -21304.000463      12.666320  116071.444000       0.001953       2.960142       0.000000
   1358000.0       2716.0     304.222000       3.792716    1845.965780     285.440803  -21461.447656      12.179461     157.452599       1.961899  -21303.995057      12.682647  116071.444000       0.001953       2.960142       0.000000
   1359000.0       2718.0     301.112000       3.084071    2296.179980     238.036638  -21459.833984      11.466474     155.841792       1.596350  -21303.992193      12.662987  116071.444000       0.001953       2.960142       0.000000
   1360000.0       2720.0     301.120000       4.249216    1955.889840     462.292465  -21459.827344      12.079864     155.845950       2.198329  -21303.981394      12.663383  116071.444000       0.001953       2.960142       0.000000
   1361000.0       2722.0     305.472000       4.098558    2198.155400     378.497853  -21462.089453      11.420450     158.098396       2.122070  -21303.991057      12.673980  116071.444000       0.001953       2.960142       0.000000
   1362000.0       2724.0     304.378000       0.784485    2040.566280     320.635533  -21461.542969      12.801574     157.532500       0.405655  -21304.010469      12.662816  116071.444000       0.001953       2.960142       0.000000
   1363000.0       2726.0     304.324000       4.690461    2083.510660     253.544835  -21461.491015      11.493829     157.503655       2.428477  -21303.987360      12.660081  116071.444000       0.001953       2.960142       0.000000
   1364000.0       2728.0     302.836000       4.025889    1925.443000     473.496954  -21460.723828      11.383009     156.735065       2.083403  -21303.988763      12.669635  116071.444000       0.001953       2.960142       0.000000
   1365000.0       2730.0     306.760000       2.905133    2100.489760     319.687710  -21462.762500      11.383469     158.765870       1.503019  -21303.996630      12.669769  116071.444000       0.001953       2.960142       0.000000
   1366000.0       2732.0     304.440000       3.769170    2162.221820     559.391990  -21461.555859      11.462583     157.564896       1.949607  -21303.990963      12.680813  116071.444000       0.001953       2.960142       0.000000
   1367000.0       2734.0     305.114000       2.927754    1906.765320     389.790101  -21461.916015      11.882036     157.914774       1.516336  -21304.001242      12.684534  116071.444000       0.001953       2.960142       0.000000
   1368000.0       2736.0     303.610000       3.271874    2077.032160     458.488403  -21461.112500      11.579717     157.134301       1.693111  -21303.978198      12.671437  116071.444000       0.001953       2.960142       0.000000
   1369000.0       2738.0     303.774000       3.313105    1896.199720     300.611728  -21461.201563      11.571241     157.220986       1.714902  -21303.980577      12.656655  116071.444000       0.001953       2.960142       0.000000
   1370000.0       2740.0     303.212000       3.128433    2035.824200     247.036421  -21460.921484      11.311615     156.929246       1.619997  -21303.992239      12.673651  116071.444000       0.001953       2.960142       0.000000
   1371000.0       2742.0     304.924000       3.471038    1858.140880     265.749784  -21461.805469      11.878880     157.815002       1.795542  -21303.990466      12.662223  116071.444000       0.001953       2.960142       0.000000
   1372000.0       2744.0     304.680000       2.620214    1748.377640     117.406192  -21461.683594      11.842421     157.687988       1.356405  -21303.995606      12.667675  116071.444000       0.001953       2.960142       0.000000
   1373000.0       2746.0     305.780000       4.460305    2011.873480     214.937514  -21462.259375      10.591643     158.258030       2.308764  -21304.001346      12.662840  116071.444000       0.001953       2.960142       0.000000
   1374000.0       2748.0     305.990000       4.325737    1817.618580     441.299727  -21462.365234      11.294111     158.367724       2.239211  -21303.997510      12.673395  116071.444000       0.001953       2.960142       0.000000
   1375000.0       2750.0     307.032000       4.749541    2031.243060     220.303563  -21462.907031      10.434219     158.908007       2.458148  -21303.999024      12.680387  116071.444000       0.001953       2.960142       0.000000
   1376000.0       2752.0     303.794000       4.148014    2291.823420     379.521391  -21461.207813      10.960772     157.232356       2.147743  -21303.975456      12.689999  116071.444000       0.001953       2.960142       0.000000
   1377000.0       2754.0     303.684000       3.257315    2074.538460     437.259296  -21461.160937      11.588964     157.172911       1.685892  -21303.988026      12.669770  116071.444000       0.001953       2.960142       0.000000
   1378000.0       2756.0     303.298000       3.932686    1855.200100     294.787387  -21460.970313      10.980042     156.973754       2.033802  -21303.996559      12.674768  116071.444000       0.001953       2.960142       0.000000
   1379000.0       2758.0     306.146000       2.877454    2127.325700     112.675843  -21462.451953      12.719454     158.447660       1.488491  -21304.004294      12.673247  116071.444000       0.001953       2.960142       0.000000
   1380000.0       2760.0     305.586000       6.105996    2221.884200     410.908377  -21462.146094      12.181566     158.158349       3.158799  -21303.987745      12.684145  116071.444000       0.001953       2.960142       0.000000
   1381000.0       2762.0     303.716000       5.253862    1923.243580     322.103213  -21461.204297      10.006277     157.190332       2.718310  -21304.013965      12.667601  116071.444000       0.001953       2.960142       0.000000
   1382000.0       2764.0     303.364000       5.818311    2086.731000     366.533799  -21461.017969      10.843443     157.007751       3.011009  -21304.010218      12.660126  116071.444000       0.001953       2.960142       0.000000
   1383000.0       2766.0     303.660000       5.344859    2076.435780     497.507362  -21461.155859      11.400343     157.161089       2.766386  -21303.994771      12.657307  116071.444000       0.001953       2.960142       0.000000
   1384000.0       2768.0     304.358000       2.677001    2306.355100     456.271664  -21461.502734      11.998830     157.522496       1.385581  -21303.980238      12.660148  116071.444000       0.001953       2.960142       0.000000
   1385000.0       2770.0     307.138000       3.408644    1965.431000     683.158176  -21462.957422      10.941176     158.961884       1.763879  -21303.995538      12.652282  116071.444000       0.001953       2.960142       0.000000
   1386000.0       2772.0     304.294000       3.206990    2119.845020     300.213833  -21461.463281      12.659199     157.489961       1.659846  -21303.973320      12.676635  116071.444000       0.001953       2.960142       0.000000
   1387000.0       2774.0     302.286000       2.186656    2216.400260     376.666406  -21460.445312      11.905738     156.449986       1.131078  -21303.995327      12.662886  116071.444000       0.001953       2.960142       0.000000
   1388000.0       2776.0     305.458000       2.850076    2136.703600     406.452322  -21462.079297      12.295824     158.091637       1.474961  -21303.987660      12.687868  116071.444000       0.001953       2.960142       0.000000
   1389000.0       2778.0     306.192000       1.857099    2117.576780     402.845289  -21462.458594      12.104660     158.470417       0.961578  -21303.988177      12.667043  116071.444000       0.001953       2.960142       0.000000
   1390000.0       2780.0     302.924000       5.469031    1898.693140     306.661974  -21460.764453       9.864241     156.781795       2.830576  -21303.982658      12.656533  116071.444000       0.001953       2.960142       0.000000
   1391000.0       2782.0     300.700000       3.675372    2242.845180     352.962651  -21459.612891      11.062114     155.629416       1.900640  -21303.983475      12.672652  116071.444000       0.001953       2.960142       0.000000
   1392000.0       2784.0     304.316000       1.546578    1568.703640     374.771368  -21461.497266      11.988440     157.500937       0.798819  -21303.996329      12.680780  116071.444000       0.001953       2.960142       0.000000
   1393000.0       2786.0     306.176000       3.609369    2314.718280     512.927651  -21462.466406      11.879574     158.463904       1.867725  -21304.002502      12.670627  116071.444000       0.001953       2.960142       0.000000
   1394000.0       2788.0     305.642000       3.276928    2210.487120     296.917908  -21462.187891      11.037304     158.186755       1.695545  -21304.001136      12.667860  116071.444000       0.001953       2.960142       0.000000
   1395000.0       2790.0     307.386000       5.840238    2016.944460     376.650878  -21463.106250      10.226411     159.090215       3.022209  -21304.016035      12.665028  116071.444000       0.001953       2.960142       0.000000
   1396000.0       2792.0     306.130000       4.080436    2017.674320     312.853905  -21462.441797      11.763718     158.438812       2.111399  -21304.002984      12.672930  116071.444000       0.001953       2.960142       0.000000
   1397000.0       2794.0     303.878000       3.201084    1972.270440     285.846396  -21461.264453      11.465335     157.274566       1.657870  -21303.989886      12.653425  116071.444000       0.001953       2.960142       0.000000
   1398000.0       2796.0     307.070000       4.783961    1975.224140     210.806892  -21462.921484      11.956775     158.926004       2.475889  -21303.995481      12.668459  116071.444000       0.001953       2.960142       0.000000
   1399000.0       2798.0     305.272000       5.641122    2150.439600     195.471658  -21461.982031      10.548894     157.995947       2.920046  -21303.986084      12.667590  116071.444000       0.001953       2.960142       0.000000
   1400000.0       2800.0     305.702000       3.566227    2017.573340     402.902422  -21462.209375      10.890074     158.217130       1.845650  -21303.992245      12.659689  116071.444000       0.001953       2.960142       0.000000
   1401000.0       2802.0     306.094000       6.791658    2531.643840     162.492343  -21462.403125      10.340141     158.420757       3.514318  -21303.982368      12.663806  116071.444000       0.001953       2.960142       0.000000
   1402000.0       2804.0     301.872000       6.990889    2134.866280     451.619294  -21460.226172       9.496752     156.235479       3.618062  -21303.990693      12.660007  116071.444000       0.001953       2.960142       0.000000
   1403000.0       2806.0     304.916000       3.051902    2308.764720     318.565178  -21461.831250      11.562748     157.811047       1.581290  -21304.020203      12.677430  116071.444000       0.001953       2.960142       0.000000
   1404000.0       2808.0     302.720000       5.229750    2322.045400     517.941528  -21460.665234      11.660713     156.675254       2.707559  -21303.989980      12.663498  116071.444000       0.001953       2.960142       0.000000
   1405000.0       2810.0     305.542000       5.935858    2304.031480     388.048899  -21462.133203      10.078239     158.135375       3.072007  -21303.997828      12.669134  116071.444000       0.001953       2.960142       0.000000
   1406000.0       2812.0     304.452000       4.782290    2049.991000     412.730257  -21461.562110      12.060156     157.570807       2.475450  -21303.991303      12.700561  116071.444000       0.001953       2.960142       0.000000
   1407000.0       2814.0     303.030000       4.105742    2391.302720     416.620833  -21460.826172      11.112865     156.835211       2.125567  -21303.990960      12.687247  116071.444000       0.001953       2.960142       0.000000
   1408000.0       2816.0     304.790000       4.227694    2191.594420     307.380964  -21461.734766      11.181299     157.746695       2.187847  -21303.988071      12.658359  116071.444000       0.001953       2.960142       0.000000
   1409000.0       2818.0     303.698000       3.900064    2075.037720     364.200842  -21461.175781      10.826632     157.180597       2.019694  -21303.995185      12.676619  116071.444000       0.001953       2.960142       0.000000
   1410000.0       2820.0     305.064000       3.047790    1893.020080     331.106863  -21461.867969      11.246680     157.888357       1.576351  -21303.979612      12.675330  116071.444000       0.001953       2.960142       0.000000
   1411000.0       2822.0     304.022000       0.981273    2105.306660     531.024140  -21461.335156      12.467753     157.349823       0.508506  -21303.985333      12.670555  116071.444000       0.001953       2.960142       0.000000
   1412000.0       2824.0     303.430000       2.346061    2523.335600     158.390007  -21461.009766      12.092461     157.041689       1.214068  -21303.968077      12.678004  116071.444000       0.001953       2.960142       0.000000
   1413000.0       2826.0     302.910000       3.320024    2140.757060     298.454657  -21460.779688      11.851805     156.773966       1.718352  -21304.005722      12.663921  116071.444000       0.001953       2.960142       0.000000
   1414000.0       2828.0     304.632000       2.666221    1894.754520     388.646896  -21461.661328      11.371160     157.663743       1.379550  -21303.997585      12.676242  116071.444000       0.001953       2.960142       0.000000
   1415000.0       2830.0     303.790000       4.125724    1984.697520     420.754378  -21461.217578      11.563106     157.229000       2.135020  -21303.988578      12.687823  116071.444000       0.001953       2.960142       0.000000
   1416000.0       2832.0     305.886000       3.071759    2140.135620     457.965715  -21462.302344      11.709578     158.312875       1.590173  -21303.989468      12.666227  116071.444000       0.001953       2.960142       0.000000
   1417000.0       2834.0     303.686000       2.807402    1838.432560     597.877059  -21461.168750      11.477990     157.175257       1.452250  -21303.993493      12.660778  116071.444000       0.001953       2.960142       0.000000
   1418000.0       2836.0     304.074000       2.870851    1974.936520     433.699297  -21461.376172      11.542445     157.376960       1.485593  -21303.999211      12.658706  116071.444000       0.001953       2.960142       0.000000
   1419000.0       2838.0     302.334000       5.505643    2304.677940     626.182088  -21460.485156       9.982230     156.474933       2.848308  -21304.010223      12.667377  116071.444000       0.001953       2.960142       0.000000
   1420000.0       2840.0     303.968000       4.591093    1983.963740     467.542587  -21461.320703      10.899185     157.320953       2.376357  -21303.999750      12.670903  116071.444000       0.001953       2.960142       0.000000
   1421000.0       2842.0     303.832000       2.583644    1760.340400     525.492169  -21461.232031      11.414799     157.250177       1.337616  -21303.981854      12.655399  116071.444000       0.001953       2.960142       0.000000
   1422000.0       2844.0     304.398000       2.417663    2164.561000     330.607716  -21461.544141      11.794541     157.543054       1.251948  -21304.001087      12.661151  116071.444000       0.001953       2.960142       0.000000
   1423000.0       2846.0     304.740000       4.797516    2309.326920     641.340227  -21461.719141      11.320603     157.720124       2.481694  -21303.999017      12.648142  116071.444000       0.001953       2.960142       0.000000
   1424000.0       2848.0     304.374000       4.411052    2320.262260     512.227295  -21461.515625      11.169414     157.530728       2.283514  -21303.984897      12.664528  116071.444000       0.001953       2.960142       0.000000
   1425000.0       2850.0     305.036000       4.111222    2010.990160     294.587991  -21461.867969      11.041639     157.872863       2.128008  -21303.995106      12.675584  116071.444000       0.001953       2.960142       0.000000
   1426000.0       2852.0     303.160000       2.524258    2014.269220     550.634500  -21460.880078      12.502162     156.902744       1.305331  -21303.977334      12.678530  116071.444000       0.001953       2.960142       0.000000
   1427000.0       2854.0     304.498000       2.563298    2346.945740     217.525401  -21461.582813      12.096921     157.594795       1.326986  -21303.988018      12.653668  116071.444000       0.001953       2.960142       0.000000
   1428000.0       2856.0     304.634000       3.563490    2075.140140     438.366080  -21461.652735      11.435116     157.665532       1.844511  -21303.987202      12.678706  116071.444000       0.001953       2.960142       0.000000
   1429000.0       2858.0     305.006000       5.566904    2242.485640     527.683222  -21461.863281      10.744646     157.858118       2.882456  -21304.005163      12.667633  116071.444000       0.001953       2.960142       0.000000
   1430000.0       2860.0     307.800000       1.669431    2203.894900     454.067826  -21463.291016      12.364733     159.303670       0.863685  -21303.987346      12.669798  116071.444000       0.001953       2.960142       0.000000
   1431000.0       2862.0     304.034000       3.664743    2305.003400     478.994214  -21461.346094      11.807599     157.354925       1.897828  -21303.991168      12.665027  116071.444000       0.001953       2.960142       0.000000
   1432000.0       2864.0     304.756000       2.270336    2248.304660     416.490530  -21461.701172      11.581002     157.727884       1.175019  -21303.973288      12.678758  116071.444000       0.001953       2.960142       0.000000
   1433000.0       2866.0     304.446000       4.339602    2129.179000     236.497451  -21461.548438      11.216621     157.568083       2.244602  -21303.980354      12.683541  116071.444000       0.001953       2.960142       0.000000
   1434000.0       2868.0     304.456000       2.811282    1969.309120     440.692956  -21461.577344      12.500362     157.573406       1.455161  -21304.003938      12.647760  116071.444000       0.001953       2.960142       0.000000
   1435000.0       2870.0     306.146000       3.192695    2195.403740     267.728645  -21462.443360      11.550252     158.446971       1.652022  -21303.996388      12.658883  116071.444000       0.001953       2.960142       0.000000
   1436000.0       2872.0     304.954000       3.991479    2293.802080     448.012058  -21461.816797      10.978710     157.832051       2.065157  -21303.984746      12.676917  116071.444000       0.001953       2.960142       0.000000
   1437000.0       2874.0     307.822000       3.024331    2126.226680     377.493881  -21463.307031      11.426675     159.316397       1.565598  -21303.990634      12.661101  116071.444000       0.001953       2.960142       0.000000
   1438000.0       2876.0     307.128000       3.305386    2063.318580     314.375606  -21462.946094      11.431544     158.956542       1.710262  -21303.989552      12.664737  116071.444000       0.001953       2.960142       0.000000
   1439000.0       2878.0     303.588000       3.532916    2211.502360     281.711732  -21461.116406      11.206455     157.124777       1.828354  -21303.991630      12.666185  116071.444000       0.001953       2.960142       0.000000
   1440000.0       2880.0     304.788000       3.172238    2196.364760     391.483770  -21461.728906      13.533378     157.744328       1.642413  -21303.984578      12.689712  116071.444000       0.001953       2.960142       0.000000
   1441000.0       2882.0     305.078000       2.417821    2208.251240     324.874367  -21461.901172      11.757128     157.895999       1.250390  -21304.005173      12.668394  116071.444000       0.001953       2.960142       0.000000
   1442000.0       2884.0     305.110000       4.073932    1907.850520     498.025106  -21461.902735      10.956126     157.911361       2.107848  -21303.991374      12.673264  116071.444000       0.001953       2.960142       0.000000
   1443000.0       2886.0     304.622000       2.651817    1983.850480     278.903838  -21461.652344      12.033901     157.658834       1.372715  -21303.993510      12.679466  116071.444000       0.001953       2.960142       0.000000
   1444000.0       2888.0     306.656000       4.395510    2300.446060     374.542602  -21462.712500      13.443955     158.711016       2.275054  -21304.001484      12.682571  116071.444000       0.001953       2.960142       0.000000
   1445000.0       2890.0     302.830000       2.431123    1915.985860     271.435154  -21460.723438      11.915910     156.730954       1.257998  -21303.992483      12.672897  116071.444000       0.001953       2.960142       0.000000
   1446000.0       2892.0     304.796000       2.820905    1932.524400     315.440674  -21461.751563      11.264654     157.748755       1.460615  -21304.002807      12.667836  116071.444000       0.001953       2.960142       0.000000
   1447000.0       2894.0     304.646000       1.792134    2117.848540     330.995449  -21461.654297      12.042020     157.670855       0.926752  -21303.983442      12.668213  116071.444000       0.001953       2.960142       0.000000
   1448000.0       2896.0     305.544000       4.170178    2082.712880     360.898167  -21462.131250      10.757274     158.136167       2.158191  -21303.995083      12.680493  116071.444000       0.001953       2.960142       0.000000
   1449000.0       2898.0     300.992000       4.429431    2646.670120     250.775441  -21459.777734      12.136486     155.781356       2.293164  -21303.996378      12.666187  116071.444000       0.001953       2.960142       0.000000
   1450000.0       2900.0     303.816000       6.573281    1786.546440     658.761284  -21461.225391      10.140904     157.241374       3.402028  -21303.984016      12.645218  116071.444000       0.001953       2.960142       0.000000
   1451000.0       2902.0     302.064000       3.550564    2336.211260     396.075387  -21460.328906      11.160037     156.334746       1.837866  -21303.994160      12.679709  116071.444000       0.001953       2.960142       0.000000
   1452000.0       2904.0     304.882000       3.846387    2422.647740     335.018197  -21461.783203      12.767128     157.794107       1.990856  -21303.989096      12.661976  116071.444000       0.001953       2.960142       0.000000
   1453000.0       2906.0     301.770000       3.471467    2210.449620     168.410706  -21460.167188      11.371996     156.183821       1.797135  -21303.983367      12.672961  116071.444000       0.001953       2.960142       0.000000
   1454000.0       2908.0     304.100000       2.848480    2098.071660     268.443156  -21461.385156      12.106245     157.388889       1.474505  -21303.996268      12.689956  116071.444000       0.001953       2.960142       0.000000
   1455000.0       2910.0     303.736000       7.586745    2336.389420     352.122126  -21461.179297       9.873734     157.201383       3.927244  -21303.977914      12.657356  116071.444000       0.001953       2.960142       0.000000
   1456000.0       2912.0     303.716000       3.638245    2050.761560     200.809133  -21461.168750      11.602384     157.191137       1.882834  -21303.977613      12.676766  116071.444000       0.001953       2.960142       0.000000
   1457000.0       2914.0     305.808000       2.797380    1872.710680     235.550681  -21462.273438      11.600960     158.272808       1.448186  -21304.000630      12.680064  116071.444000       0.001953       2.960142       0.000000
   1458000.0       2916.0     306.716000       4.678344    2025.618640     518.884535  -21462.725000      11.018876     158.742519       2.420256  -21303.982482      12.668890  116071.444000       0.001953       2.960142       0.000000
   1459000.0       2918.0     303.302000       3.499099    2096.190420     139.440156  -21460.967578      11.220038     156.976240       1.810756  -21303.991338      12.671482  116071.444000       0.001953       2.960142       0.000000
   1460000.0       2920.0     303.668000       4.857758    1785.698020     629.984955  -21461.154687      11.768545     157.166404       2.513745  -21303.988284      12.681131  116071.444000       0.001953       2.960142       0.000000
   1461000.0       2922.0     303.852000       4.098358    2168.468920     616.822003  -21461.251172      11.294085     157.261184       2.121495  -21303.989988      12.669168  116071.444000       0.001953       2.960142       0.000000
   1462000.0       2924.0     304.538000       3.556917    2223.974520     336.724769  -21461.580859      11.214795     157.615576       1.839854  -21303.965284      12.656211  116071.444000       0.001953       2.960142       0.000000
   1463000.0       2926.0     302.954000       2.155390    2058.203580     357.632750  -21460.773047      13.011416     156.796230       1.116539  -21303.976816      12.663238  116071.444000       0.001953       2.960142       0.000000
   1464000.0       2928.0     304.572000       3.901571    2211.016800     358.024423  -21461.632422      11.402552     157.633839       2.020388  -21303.998583      12.679180  116071.444000       0.001953       2.960142       0.000000
   1465000.0       2930.0     305.764000       4.145391    2153.345420     391.235120  -21462.253125      11.564788     158.251587       2.146116  -21304.001539      12.656032  116071.444000       0.001953       2.960142       0.000000
   1466000.0       2932.0     304.078000       3.586293    2145.298000     373.588573  -21461.364453      11.859564     157.377430       1.855988  -21303.987023      12.661762  116071.444000       0.001953       2.960142       0.000000
   1467000.0       2934.0     304.076000       1.704554    2253.134200     495.125583  -21461.363672      12.744369     157.376898       0.882382  -21303.986774      12.673527  116071.444000       0.001953       2.960142       0.000000
   1468000.0       2936.0     303.778000       3.155233    2397.792620     235.627028  -21461.204297      12.428182     157.222084       1.633830  -21303.982213      12.686761  116071.444000       0.001953       2.960142       0.000000
   1469000.0       2938.0     305.172000       2.706137    2517.111140     286.242537  -21461.948047      11.635553     157.944959       1.399516  -21304.003088      12.667393  116071.444000       0.001953       2.960142       0.000000
   1470000.0       2940.0     303.030000       2.736786    2121.037280     473.915058  -21460.825000      11.926228     156.835599       1.415294  -21303.989401      12.669137  116071.444000       0.001953       2.960142       0.000000
   1471000.0       2942.0     301.728000       5.753324    1858.044940     325.100683  -21460.136719      11.064628     156.161678       2.976602  -21303.975041      12.642857  116071.444000       0.001953       2.960142       0.000000
   1472000.0       2944.0     303.070000       5.046841    2376.553700     374.062591  -21460.833203      11.237011     156.854735       2.612713  -21303.978468      12.669925  116071.444000       0.001953       2.960142       0.000000
   1473000.0       2946.0     303.688000       2.136758    2360.036660     169.761238  -21461.172656      12.878467     157.175417       1.106548  -21303.997239      12.682048  116071.444000       0.001953       2.960142       0.000000
   1474000.0       2948.0     305.658000       2.774285    2059.824180     182.501338  -21462.194922      11.584512     158.194749       1.435620  -21304.000173      12.667392  116071.444000       0.001953       2.960142       0.000000
   1475000.0       2950.0     303.532000       3.566844    2013.073720     684.163743  -21461.069922      11.710605     157.093989       1.846025  -21303.975933      12.697216  116071.444000       0.001953       2.960142       0.000000
   1476000.0       2952.0     306.126000       3.222642    2218.629020     469.415473  -21462.438281      11.634511     158.437418       1.668999  -21304.000863      12.679036  116071.444000       0.001953       2.960142       0.000000
   1477000.0       2954.0     304.322000       2.923254    2420.246480     402.733455  -21461.496875      11.229951     157.503820       1.513523  -21303.993055      12.672570  116071.444000       0.001953       2.960142       0.000000
   1478000.0       2956.0     300.718000       3.453986    2161.325740     312.462861  -21459.637891      11.522005     155.637169       1.787040  -21304.000722      12.662342  116071.444000       0.001953       2.960142       0.000000
   1479000.0       2958.0     305.098000       5.402127    2248.315200     419.300816  -21461.894141      10.809059     157.904428       2.796755  -21303.989712      12.671600  116071.444000       0.001953       2.960142       0.000000
   1480000.0       2960.0     306.804000       1.617190    2149.476440     523.190732  -21462.770312      12.717320     158.788423       0.836504  -21303.981890      12.667312  116071.444000       0.001953       2.960142       0.000000
   1481000.0       2962.0     304.224000       5.158196    1865.047840     284.488169  -21461.447656      12.214042     157.454079       2.669146  -21303.993577      12.660953  116071.444000       0.001953       2.960142       0.000000
   1482000.0       2964.0     306.650000       4.619489    2050.916400     272.683248  -21462.708594      10.470142     158.709055       2.391493  -21303.999538      12.678975  116071.444000       0.001953       2.960142       0.000000
   1483000.0       2966.0     304.810000       2.974848    2213.343580     328.967899  -21461.749219      11.402723     157.755946       1.539282  -21303.993273      12.683833  116071.444000       0.001953       2.960142       0.000000
   1484000.0       2968.0     303.492000       2.862358    2038.895740     345.521585  -21461.064453      11.854159     157.074005       1.482086  -21303.990448      12.679588  116071.444000       0.001953       2.960142       0.000000
   1485000.0       2970.0     304.448000       1.845464    1991.237840     233.539054  -21461.564844      11.944493     157.570406       0.955323  -21303.994438      12.681622  116071.444000       0.001953       2.960142       0.000000
   1486000.0       2972.0     302.406000       3.544125    2330.877800     345.577510  -21460.483984      11.129751     156.512448       1.832964  -21303.971536      12.667655  116071.444000       0.001953       2.960142       0.000000
   1487000.0       2974.0     306.140000       3.598077    2029.074140     434.354891  -21462.444141      12.022475     158.444340       1.862263  -21303.999800      12.678729  116071.444000       0.001953       2.960142       0.000000
   1488000.0       2976.0     304.520000       1.872741    2057.905800     486.972374  -21461.595312      12.459088     157.607633       0.970179  -21303.987679      12.673733  116071.444000       0.001953       2.960142       0.000000
   1489000.0       2978.0     302.566000       3.256714    2167.508120     279.026298  -21460.581250      11.680593     156.595004       1.685286  -21303.986245      12.677057  116071.444000       0.001953       2.960142       0.000000
   1490000.0       2980.0     304.412000       4.185759    2125.879120     412.903122  -21461.549609      11.939565     157.549895       2.166246  -21303.999714      12.660883  116071.444000       0.001953       2.960142       0.000000
   1491000.0       2982.0     304.148000       3.774416    2047.539540     536.735385  -21461.417969      11.484597     157.414276       1.953803  -21304.003693      12.670227  116071.444000       0.001953       2.960142       0.000000
   1492000.0       2984.0     304.790000       5.290425    1964.136400     552.482405  -21461.741406      10.233159     157.746887       2.738852  -21303.994519      12.672776  116071.444000       0.001953       2.960142       0.000000
   1493000.0       2986.0     305.364000       1.949734    2373.582980     408.346049  -21462.024609      11.794413     158.043011       1.007796  -21303.981598      12.677078  116071.444000       0.001953       2.960142       0.000000
   1494000.0       2988.0     303.856000       3.594755    1938.454040     417.940760  -21461.248438      11.163643     157.261535       1.860613  -21303.986902      12.676718  116071.444000       0.001953       2.960142       0.000000
   1495000.0       2990.0     305.160000       3.692733    2303.161860     149.626257  -21461.930469      11.614695     157.937614       1.912301  -21303.992854      12.658096  116071.444000       0.001953       2.960142       0.000000
   1496000.0       2992.0     306.400000       6.172017    2292.571880     341.572030  -21462.588672      10.912064     158.579161       3.194986  -21304.009511      12.680239  116071.444000       0.001953       2.960142       0.000000
   1497000.0       2994.0     303.422000       2.508907    2372.385740     303.633634  -21461.034375      12.312750     157.037546       1.298618  -21303.996829      12.663782  116071.444000       0.001953       2.960142       0.000000
   1498000.0       2996.0     307.204000       1.349705    2024.002500     445.879813  -21463.004297      12.195649     158.995608       0.698864  -21304.008689      12.668072  116071.444000       0.001953       2.960142       0.000000
   1499000.0       2998.0     303.178000       3.534308    1946.047400     526.751588  -21460.893750      12.110211     156.911008       1.830158  -21303.982742      12.671591  116071.444000       0.001953       2.960142       0.000000
   1500000.0       3000.0     304.774000       3.566940    2118.959840     164.995568  -21461.714063      12.353782     157.736828       1.846287  -21303.977234      12.678518  116071.444000       0.001953       2.960142       0.000000
   1501000.0       3002.0     306.018000       3.255429    1834.197660      95.430806  -21462.375781      11.327616     158.381591       1.685574  -21303.994191      12.671490  116071.444000       0.001953       2.960142       0.000000
   1502000.0       3004.0     303.126000       3.996922    2028.025600     424.493196  -21460.865625      10.700291     156.885189       2.068027  -21303.980436      12.683672  116071.444000       0.001953       2.960142       0.000000
   1503000.0       3006.0     304.428000       4.178514    1893.657640     371.063953  -21461.539062      10.871618     157.558113       2.162986  -21303.980950      12.666285  116071.444000       0.001953       2.960142       0.000000
   1504000.0       3008.0     305.070000       3.414844    2356.448520     550.853809  -21461.866406      11.192646     157.889565       1.768210  -21303.976841      12.668186  116071.444000       0.001953       2.960142       0.000000
   1505000.0       3010.0     306.570000       4.566517    2292.451540     239.676289  -21462.659375      10.530249     158.667243       2.363285  -21303.992132      12.654486  116071.444000       0.001953       2.960142       0.000000
   1506000.0       3012.0     305.336000       3.290171    2192.433660     349.338369  -21462.018750      11.137856     158.029502       1.702504  -21303.989248      12.690002  116071.444000       0.001953       2.960142       0.000000
   1507000.0       3014.0     303.818000       4.112160    1769.968640     347.707271  -21461.232813      11.385147     157.242745       2.127314  -21303.990067      12.670076  116071.444000       0.001953       2.960142       0.000000
   1508000.0       3016.0     305.256000       2.415811    2105.724900     262.891326  -21461.992969      11.955544     157.989083       1.250247  -21304.003886      12.658255  116071.444000       0.001953       2.960142       0.000000
   1509000.0       3018.0     307.310000       4.442184    2066.925080     581.313614  -21463.039844      11.609587     159.050676       2.299807  -21303.989168      12.683969  116071.444000       0.001953       2.960142       0.000000
   1510000.0       3020.0     305.260000       3.281713    2055.800860     341.299710  -21461.976172      12.377924     157.987883       1.698709  -21303.988289      12.670817  116071.444000       0.001953       2.960142       0.000000
   1511000.0       3022.0     304.910000       3.511296    1961.331500     282.710004  -21461.811719      11.394805     157.807480       1.817798  -21304.004238      12.654839  116071.444000       0.001953       2.960142       0.000000
   1512000.0       3024.0     301.910000       5.392172    2132.785200     486.107846  -21460.233984      10.388916     156.256246       2.791993  -21303.977738      12.659682  116071.444000       0.001953       2.960142       0.000000
   1513000.0       3026.0     306.916000       3.610222    2070.167800     477.106728  -21462.843750      11.143405     158.846827       1.867161  -21303.996923      12.667349  116071.444000       0.001953       2.960142       0.000000
   1514000.0       3028.0     306.240000       2.948552    2260.005280     343.870884  -21462.504688      12.296084     158.495946       1.526028  -21304.008742      12.681123  116071.444000       0.001953       2.960142       0.000000
   1515000.0       3030.0     305.550000       3.942573    2315.762240     383.931467  -21462.134766      12.011535     158.139723       2.041469  -21303.995042      12.674636  116071.444000       0.001953       2.960142       0.000000
   1516000.0       3032.0     306.148000       4.210194    2261.811740     285.968808  -21462.444531      11.389559     158.450395       2.179667  -21303.994137      12.648329  116071.444000       0.001953       2.960142       0.000000
   1517000.0       3034.0     305.550000       2.910931    2080.583180     269.391537  -21462.129297      11.728083     158.138638       1.505627  -21303.990659      12.656727  116071.444000       0.001953       2.960142       0.000000
   1518000.0       3036.0     305.508000       5.169578    2456.229240     464.938324  -21462.117578      10.043575     158.117069       2.674993  -21304.000509      12.656923  116071.444000       0.001953       2.960142       0.000000
   1519000.0       3038.0     304.820000       4.109633    2207.284920     307.697248  -21461.742188      11.740825     157.761129       2.126759  -21303.981059      12.664137  116071.444000       0.001953       2.960142       0.000000
   1520000.0       3040.0     303.018000       3.391521    2121.986400     247.046014  -21460.821875      11.152127     156.830217       1.755744  -21303.991657      12.656873  116071.444000       0.001953       2.960142       0.000000
   1521000.0       3042.0     305.550000       4.273200    2117.902600     264.845238  -21462.123438      10.848084     158.139511       2.210466  -21303.983927      12.662771  116071.444000       0.001953       2.960142       0.000000
   1522000.0       3044.0     303.118000       2.905687    2303.154460     354.577081  -21460.857812      11.369502     156.880147       1.503583  -21303.977666      12.680426  116071.444000       0.001953       2.960142       0.000000
   1523000.0       3046.0     304.696000       5.206740    2432.278680     552.176506  -21461.666797      10.133360     157.697984       2.694177  -21303.968813      12.671214  116071.444000       0.001953       2.960142       0.000000
   1524000.0       3048.0     307.124000       2.912474    2551.938880     416.039440  -21462.953906      11.500554     158.955109       1.507130  -21303.998797      12.661632  116071.444000       0.001953       2.960142       0.000000
   1525000.0       3050.0     303.090000       1.764506    2124.638540     559.063382  -21460.849609      11.861102     156.864921       0.913541  -21303.984689      12.681768  116071.444000       0.001953       2.960142       0.000000
   1526000.0       3052.0     303.150000       4.692185    1944.294100     234.025989  -21460.880859      10.990036     156.897555       2.429013  -21303.983305      12.672156  116071.444000       0.001953       2.960142       0.000000
   1527000.0       3054.0     303.132000       3.960088    2230.729580     264.710203  -21460.879688      10.816566     156.888119       2.049038  -21303.991569      12.674015  116071.444000       0.001953       2.960142       0.000000
   1528000.0       3056.0     304.764000       3.113703    2065.259040      99.148579  -21461.715625      11.728010     157.732124       1.611958  -21303.983501      12.666006  116071.444000       0.001953       2.960142       0.000000
   1529000.0       3058.0     304.458000       2.404324    2035.601560     281.993242  -21461.569922      11.741888     157.574822       1.243591  -21303.995099      12.667404  116071.444000       0.001953       2.960142       0.000000
   1530000.0       3060.0     304.054000       4.377947    1901.419640     376.663439  -21461.350781      11.836125     157.364227       2.265735  -21303.986554      12.668937  116071.444000       0.001953       2.960142       0.000000
   1531000.0       3062.0     304.076000       3.324489    2455.415040     220.048915  -21461.365625      11.082147     157.377494       1.721942  -21303.988132      12.679026  116071.444000       0.001953       2.960142       0.000000
   1532000.0       3064.0     304.240000       3.938792    2333.265220     369.211726  -21461.463672      11.855375     157.461668       2.039067  -21304.002004      12.662984  116071.444000       0.001953       2.960142       0.000000
   1533000.0       3066.0     305.098000       3.734694    1951.922300     258.640855  -21461.908594      10.795979     157.905114       1.931648  -21304.003480      12.673398  116071.444000       0.001953       2.960142       0.000000
   1534000.0       3068.0     304.522000       4.064271    1733.184480     249.832360  -21461.589844      11.383297     157.606617       2.104022  -21303.983226      12.665114  116071.444000       0.001953       2.960142       0.000000
   1535000.0       3070.0     305.932000       4.600676    2152.230880     335.493076  -21462.344922      12.460348     158.336361       2.380900  -21304.008561      12.671064  116071.444000       0.001953       2.960142       0.000000
   1536000.0       3072.0     304.232000       2.644673    2061.859860     504.346279  -21461.458203      11.873338     157.456661       1.367783  -21304.001542      12.658437  116071.444000       0.001953       2.960142       0.000000
   1537000.0       3074.0     304.672000       2.428081    1751.084140     350.619520  -21461.684766      11.664278     157.685744       1.255560  -21303.999022      12.668732  116071.444000       0.001953       2.960142       0.000000
   1538000.0       3076.0     305.358000       3.902919    1948.886440     355.863332  -21462.036719      11.599061     158.038987       2.020264  -21303.997732      12.660703  116071.444000       0.001953       2.960142       0.000000
   1539000.0       3078.0     305.572000       4.404377    2221.686600     456.842071  -21462.143750      11.347868     158.149797       2.279170  -21303.993953      12.674396  116071.444000       0.001953       2.960142       0.000000
   1540000.0       3080.0     305.052000       4.975337    2135.724860     329.047532  -21461.867969      11.803170     157.882241       2.575075  -21303.985728      12.679636  116071.444000       0.001953       2.960142       0.000000
