# Ensemble Average Results:
#      Step      Time(ps)      <Temp>      Temp_std         <P>         P_std        <PE>        PE_std        <KE>        KE_std       <Etot>      Etot_std       <Vol>       Vol_std     <Density>   Density_std
    790000.0       1580.0     301.204000       1.107007    2276.802200     458.861098  -21459.875390      12.494940     155.890347       0.572512  -21303.985044      12.669510  116071.444000       0.001953       2.960142       0.000000
    791000.0       1582.0     298.212000       0.915760    1771.797320     344.316975  -21458.322656      12.311405     154.340537       0.473440  -21303.982119      12.659961  116071.444000       0.001953       2.960142       0.000000
    792000.0       1584.0     298.992000       4.387548    2275.480140     273.310184  -21458.726953      12.112850     154.745080       2.271451  -21303.981873      12.659973  116071.444000       0.001953       2.960142       0.000000
    793000.0       1586.0     299.666000       3.872945    2061.091880     361.193514  -21459.080469      11.985932     155.093773       2.003951  -21303.986696      12.660533  116071.444000       0.001953       2.960142       0.000000
    794000.0       1588.0     300.294000       3.189436    2506.114540     488.523814  -21459.406640      13.229985     155.419465       1.650242  -21303.987176      12.658054  116071.444000       0.001953       2.960142       0.000000
    795000.0       1590.0     301.894000       5.173168    1788.389880     868.776570  -21460.241016      13.570843     156.247543       2.678534  -21303.993473      12.680150  116071.444000       0.001953       2.960142       0.000000
    796000.0       1592.0     300.592000       3.308918    2183.048880     450.110269  -21459.550000      12.639859     155.572866       1.713395  -21303.977134      12.657747  116071.444000       0.001953       2.960142       0.000000
    797000.0       1594.0     302.112000       2.564195    2010.051060     323.909483  -21460.357422      11.660955     156.360508       1.327159  -21303.996913      12.687382  116071.444000       0.001953       2.960142       0.000000
    798000.0       1596.0     300.148000       2.658980    2092.716400     256.091451  -21459.337890      12.657128     155.343571       1.376950  -21303.994320      12.673763  116071.444000       0.001953       2.960142       0.000000
    799000.0       1598.0     300.138000       2.441888    2001.071960     302.488631  -21459.320703      12.088285     155.338756       1.264487  -21303.981947      12.685651  116071.444000       0.001953       2.960142       0.000000
    800000.0       1600.0     299.240000       2.795561    1789.222940     428.930791  -21458.868750      11.463896     154.873813       1.445502  -21303.994937      12.679987  116071.444000       0.001953       2.960142       0.000000
    801000.0       1602.0     297.732000       4.466468    1962.506560     322.864529  -21458.079688      12.274944     154.092493       2.311679  -21303.987195      12.676126  116071.444000       0.001953       2.960142       0.000000
    802000.0       1604.0     299.662000       3.867058    1908.152780     377.961171  -21459.074219      12.029594     155.093588       2.001037  -21303.980630      12.667616  116071.444000       0.001953       2.960142       0.000000
    803000.0       1606.0     299.256000       3.087715    2165.453200     329.973638  -21458.862891      12.340425     154.882282       1.599013  -21303.980609      12.660279  116071.444000       0.001953       2.960142       0.000000
    804000.0       1608.0     301.734000       2.823902    2154.928760     242.231846  -21460.143359      12.671172     156.165051       1.461951  -21303.978309      12.661506  116071.444000       0.001953       2.960142       0.000000
    805000.0       1610.0     298.960000       2.976199    2441.204240     265.597653  -21458.698438      11.913612     154.728455       1.540251  -21303.969983      12.677250  116071.444000       0.001953       2.960142       0.000000
    806000.0       1612.0     301.298000       4.071066    2117.241480     335.393260  -21459.930078      12.467214     155.938177       2.107865  -21303.991901      12.656286  116071.444000       0.001953       2.960142       0.000000
    807000.0       1614.0     300.766000       3.972267    1878.243140     416.744144  -21459.657813      11.605817     155.663992       2.055692  -21303.993821      12.656832  116071.444000       0.001953       2.960142       0.000000
    808000.0       1616.0     300.332000       1.904704    2023.067800     280.253270  -21459.428516      11.857805     155.439933       0.986231  -21303.988583      12.671191  116071.444000       0.001953       2.960142       0.000000
    809000.0       1618.0     301.796000       3.041701    2227.863920     273.555864  -21460.189062      11.329030     156.196588       1.573947  -21303.992474      12.671788  116071.444000       0.001953       2.960142       0.000000
    810000.0       1620.0     299.816000       3.167634    2380.730200     272.047071  -21459.155469      12.049978     155.171982       1.639124  -21303.983487      12.679646  116071.444000       0.001953       2.960142       0.000000
    811000.0       1622.0     298.868000       2.250399    1819.405600     365.699076  -21458.667188      12.017251     154.680891       1.164183  -21303.986297      12.680702  116071.444000       0.001953       2.960142       0.000000
    812000.0       1624.0     301.830000       2.893503    2241.223200     246.886854  -21460.204688      12.228580     156.212990       1.497371  -21303.991698      12.679398  116071.444000       0.001953       2.960142       0.000000
    813000.0       1626.0     301.150000       4.464890    2276.730800     286.651744  -21459.849219      12.443438     155.863183       2.310338  -21303.986036      12.684411  116071.444000       0.001953       2.960142       0.000000
    814000.0       1628.0     301.028000       4.265233    2105.864920     345.981598  -21459.793359      12.144438     155.798459       2.208156  -21303.994901      12.653990  116071.444000       0.001953       2.960142       0.000000
    815000.0       1630.0     299.350000       3.225498    2222.520180     315.795018  -21458.935156      12.601796     154.931473       1.668994  -21304.003684      12.665653  116071.444000       0.001953       2.960142       0.000000
    816000.0       1632.0     301.966000       3.518935    2333.918640     355.208343  -21460.271875      11.389943     156.285075       1.820880  -21303.986799      12.668955  116071.444000       0.001953       2.960142       0.000000
    817000.0       1634.0     302.130000       4.233221    1990.075420     305.228838  -21460.361719      11.179075     156.369488       2.189566  -21303.992230      12.666045  116071.444000       0.001953       2.960142       0.000000
    818000.0       1636.0     302.620000       4.076445    2290.538260     326.655770  -21460.607812      11.107560     156.622088       2.109279  -21303.985725      12.660491  116071.444000       0.001953       2.960142       0.000000
    819000.0       1638.0     301.886000       4.586788    2220.044660     315.382641  -21460.233594      11.465305     156.243715       2.373424  -21303.989879      12.676368  116071.444000       0.001953       2.960142       0.000000
    820000.0       1640.0     300.190000       5.069824    2123.666260     252.396221  -21459.359375      11.637340     155.364684       2.623811  -21303.994692      12.671683  116071.444000       0.001953       2.960142       0.000000
    821000.0       1642.0     300.444000       3.303795    2029.230060     629.805482  -21459.489453      12.659955     155.497319       1.709845  -21303.992134      12.666537  116071.444000       0.001953       2.960142       0.000000
    822000.0       1644.0     300.452000       3.918788    2147.255040     363.583283  -21459.482813      11.642749     155.500669       2.028043  -21303.982143      12.685576  116071.444000       0.001953       2.960142       0.000000
    823000.0       1646.0     300.382000       4.306063    2211.379920     380.987347  -21459.448047      11.623935     155.465153       2.229254  -21303.982894      12.665136  116071.444000       0.001953       2.960142       0.000000
    824000.0       1648.0     301.942000       1.680862    2087.077860     306.102602  -21460.274609      12.075990     156.272404       0.870090  -21304.002206      12.676529  116071.444000       0.001953       2.960142       0.000000
    825000.0       1650.0     300.958000       4.398615    2101.098340     232.858199  -21459.740234      10.848574     155.763220       2.276239  -21303.977014      12.674011  116071.444000       0.001953       2.960142       0.000000
    826000.0       1652.0     301.566000       3.467400    2030.817040     340.581309  -21460.076172      12.450447     156.076646       1.794773  -21303.999526      12.662348  116071.444000       0.001953       2.960142       0.000000
    827000.0       1654.0     301.354000       2.374132    1948.062480     542.346992  -21459.955078      11.581270     155.967986       1.228676  -21303.987092      12.664014  116071.444000       0.001953       2.960142       0.000000
    828000.0       1656.0     300.382000       4.146446    2219.112120     593.600559  -21459.476562      10.724317     155.465081       2.145292  -21304.011482      12.657465  116071.444000       0.001953       2.960142       0.000000
    829000.0       1658.0     300.600000       3.435922    2473.306960     440.744340  -21459.565625      11.230445     155.577959       1.778359  -21303.987666      12.667900  116071.444000       0.001953       2.960142       0.000000
    830000.0       1660.0     301.814000       2.623956    2338.729920     277.629703  -21460.202734      12.663320     156.205473       1.359035  -21303.997262      12.665678  116071.444000       0.001953       2.960142       0.000000
    831000.0       1662.0     299.140000       2.372686    2140.959680     400.916111  -21458.805860      12.457256     154.823012       1.229437  -21303.982848      12.670809  116071.444000       0.001953       2.960142       0.000000
    832000.0       1664.0     300.152000       2.599465    2157.516140     306.110697  -21459.331640      12.716653     155.345393       1.346126  -21303.986248      12.672612  116071.444000       0.001953       2.960142       0.000000
    833000.0       1666.0     302.076000       2.396636    1990.497100     164.082097  -21460.331641      12.606196     156.341529       1.240804  -21303.990111      12.688493  116071.444000       0.001953       2.960142       0.000000
    834000.0       1668.0     299.714000       2.442323    2020.577500     393.170822  -21459.099609      11.785568     155.118914       1.263256  -21303.980695      12.651259  116071.444000       0.001953       2.960142       0.000000
    835000.0       1670.0     301.090000       3.103173    2060.509220     467.329192  -21459.812500      12.302739     155.830540       1.606868  -21303.981960      12.662976  116071.444000       0.001953       2.960142       0.000000
    836000.0       1672.0     300.988000       2.133302    2208.741340     235.534083  -21459.771875      13.449128     155.779460       1.104213  -21303.992416      12.655030  116071.444000       0.001953       2.960142       0.000000
    837000.0       1674.0     302.904000       2.701337    1823.017080     286.898118  -21460.767969      11.894812     156.768147       1.398442  -21303.999821      12.668173  116071.444000       0.001953       2.960142       0.000000
    838000.0       1676.0     301.822000       4.040720    1813.089740     433.891984  -21460.189453      12.345873     156.210175       2.090539  -21303.979278      12.659131  116071.444000       0.001953       2.960142       0.000000
    839000.0       1678.0     299.722000       3.790131    2041.210620     249.385782  -21459.105859      11.548842     155.124236       1.961188  -21303.981624      12.661300  116071.444000       0.001953       2.960142       0.000000
    840000.0       1680.0     301.408000       3.964272    2026.359300     379.009687  -21459.993750      12.913926     155.995948       2.052075  -21303.997802      12.667902  116071.444000       0.001953       2.960142       0.000000
    840000.0       1680.0     301.408000       3.964272    2026.359300     379.009687  -21459.993750      12.913926     155.995948       2.052075  -21303.997802      12.667902  116071.444000       0.001953       2.960142       0.000000
    841000.0       1682.0     303.594000       2.469863    2428.652440     292.986975  -21460.528125      11.767943     157.127214       1.277413  -21303.400911      11.979241  116071.444000       0.001953       2.960142       0.000000
    842000.0       1684.0     301.804000       2.250392    1757.271340     320.305110  -21460.082031      10.400863     156.200196       1.165190  -21303.881836      11.494782  116071.444000       0.001953       2.960142       0.000000
    843000.0       1686.0     303.392000       2.591937    1985.166440     189.686772  -21460.794531      11.739839     157.022747       1.340903  -21303.771784      11.463459  116071.444000       0.001953       2.960142       0.000000
    844000.0       1688.0     302.644000       1.804712    2154.638880     231.934648  -21460.488281      11.263192     156.634565       0.934657  -21303.853716      10.877838  116071.444000       0.001953       2.960142       0.000000
    845000.0       1690.0     300.628000       2.360300    1803.877680     556.253687  -21459.080859      10.638625     155.591440       1.222005  -21303.489420      11.284050  116071.444000       0.001953       2.960142       0.000000
    846000.0       1692.0     303.528000       3.164044    2224.470600     207.414515  -21460.126563      11.804301     157.093139       1.636972  -21303.033424      11.407617  116071.444000       0.001953       2.960142       0.000000
    847000.0       1694.0     303.318000       1.904819    2113.522840     488.691051  -21460.064844      11.231492     156.984882       0.986403  -21303.079962      11.133250  116071.444000       0.001953       2.960142       0.000000
    848000.0       1696.0     305.456000       2.573772    1781.065320     483.825460  -21461.419141      11.242391     158.091005       1.332073  -21303.328135      11.266626  116071.444000       0.001953       2.960142       0.000000
    849000.0       1698.0     302.322000       4.003475    2180.437040     322.749283  -21459.792187      11.212736     156.468586       2.071792  -21303.323601      11.118531  116071.444000       0.001953       2.960142       0.000000
    850000.0       1700.0     300.228000       2.287002    2181.662140     238.693265  -21458.476172      10.362241     155.385104       1.183965  -21303.091068      10.845055  116071.444000       0.001953       2.960142       0.000000
    851000.0       1702.0     300.674000       5.076777    2086.771980     317.743875  -21457.928125      11.189841     155.614502       2.627052  -21302.313623      10.030362  116071.444000       0.001953       2.960142       0.000000
    852000.0       1704.0     301.268000       3.275988    2068.379880     217.670850  -21458.065234       9.998235     155.923502       1.694244  -21302.141732      10.155136  116071.444000       0.001953       2.960142       0.000000
    853000.0       1706.0     302.898000       2.966718    2026.543020     364.598752  -21459.531641      10.038377     156.766710       1.535282  -21302.764931      10.153653  116071.444000       0.001953       2.960142       0.000000
    854000.0       1708.0     301.784000       3.225880    2024.925200     150.969567  -21459.135547      10.551326     156.189789       1.670183  -21302.945758       9.295747  116071.444000       0.001953       2.960142       0.000000
    855000.0       1710.0     301.138000       4.813175    1932.454380     304.065880  -21459.005859      10.338138     155.856167       2.491507  -21303.149692       9.048287  116071.444000       0.001953       2.960142       0.000000
    856000.0       1712.0     301.710000       3.249394    2302.906380     228.588774  -21459.483203      11.319256     156.151895       1.680988  -21303.331308       9.859295  116071.444000       0.001953       2.960142       0.000000
    857000.0       1714.0     302.602000       2.791562    1968.603020     389.361475  -21459.907422      10.704737     156.613269       1.445198  -21303.294153       9.553156  116071.444000       0.001953       2.960142       0.000000
    858000.0       1716.0     300.814000       4.087349    2356.191980     286.891082  -21459.447266      10.455287     155.689190       2.114979  -21303.758075      10.587902  116071.444000       0.001953       2.960142       0.000000
    859000.0       1718.0     300.876000       2.787527    1858.192540     478.524974  -21459.662109      10.721366     155.719110       1.442269  -21303.942999      11.380184  116071.444000       0.001953       2.960142       0.000000
    860000.0       1720.0     302.614000       5.104698    2138.673340     266.548157  -21460.591406      11.062033     156.620460       2.642803  -21303.970946      10.872131  116071.444000       0.001953       2.960142       0.000000
    861000.0       1722.0     302.850000       3.386603    1821.169720     253.496866  -21461.343359      11.660334     156.742858       1.753331  -21304.600502      10.967309  116071.444000       0.001953       2.960142       0.000000
    862000.0       1724.0     302.720000       4.210321    1944.132540     285.935309  -21460.867187       9.853675     156.673939       2.179925  -21304.193249      11.050727  116071.444000       0.001953       2.960142       0.000000
    863000.0       1726.0     301.722000       4.105554    2179.018900     284.824182  -21460.226562      11.777630     156.158593       2.124874  -21304.067970      11.492461  116071.444000       0.001953       2.960142       0.000000
    864000.0       1728.0     301.818000       4.159362    1995.539080     134.964220  -21459.775000      10.974632     156.207766       2.152610  -21303.567235      10.604397  116071.444000       0.001953       2.960142       0.000000
    865000.0       1730.0     299.994000       3.521202    1997.678640     419.030241  -21458.503906      10.772584     155.263298       1.820722  -21303.240608      10.253360  116071.444000       0.001953       2.960142       0.000000
    865000.0       1730.0     299.994000       3.521202    1997.678640     419.030241  -21458.503906      10.772584     155.263298       1.820722  -21303.240608      10.253360  116071.444000       0.001953       2.960142       0.000000
    866000.0       1732.0     303.138000       4.468764    2027.278100     352.221377  -21460.141406      10.752751     156.889925       2.313378  -21303.251482      10.249023  116071.444000       0.001953       2.960142       0.000000
    867000.0       1734.0     300.738000       4.619842    2190.302560     214.906679  -21458.906250      10.798034     155.648149       2.390282  -21303.258102      10.243237  116071.444000       0.001953       2.960142       0.000000
    868000.0       1736.0     303.832000       2.486913    2404.062380     126.413481  -21460.489063      10.990820     157.251798       1.286435  -21303.237264      10.258247  116071.444000       0.001953       2.960142       0.000000
    869000.0       1738.0     301.552000       4.582643    2263.434840     411.938723  -21459.319141      10.987479     156.070749       2.371559  -21303.248391      10.250039  116071.444000       0.001953       2.960142       0.000000
    870000.0       1740.0     302.724000       4.203411    2194.784200     478.222841  -21459.896484      10.999365     156.676584       2.176001  -21303.219901      10.233216  116071.444000       0.001953       2.960142       0.000000
    871000.0       1742.0     300.418000       3.957249    1623.200680     489.629711  -21458.728125      10.942795     155.484084       2.047181  -21303.244042      10.254919  116071.444000       0.001953       2.960142       0.000000
    872000.0       1744.0     299.614000       2.347361    1934.183120     132.534446  -21458.307422      10.377266     155.067097       1.214961  -21303.240325      10.248276  116071.444000       0.001953       2.960142       0.000000
    873000.0       1746.0     301.674000       4.775448    2230.859080      96.302440  -21459.371875      10.658244     156.132263       2.471786  -21303.239612      10.255469  116071.444000       0.001953       2.960142       0.000000
    874000.0       1748.0     302.390000       4.897685    2206.314400     412.445659  -21459.731250      10.250609     156.504347       2.534093  -21303.226903      10.257867  116071.444000       0.001953       2.960142       0.000000
    875000.0       1750.0     301.262000       5.267111    2127.733020     437.655998  -21459.153516      11.909608     155.919173       2.726492  -21303.234343      10.245260  116071.444000       0.001953       2.960142       0.000000
    876000.0       1752.0     301.044000       5.285791    1814.598120     293.801793  -21459.044141      10.699917     155.808063       2.735865  -21303.236078      10.269963  116071.444000       0.001953       2.960142       0.000000
    877000.0       1754.0     301.066000       2.220537    2012.132640     195.684800  -21459.069531      10.182334     155.818900       1.149405  -21303.250632      10.253723  116071.444000       0.001953       2.960142       0.000000
    878000.0       1756.0     301.580000       3.903916    2212.930280     253.983562  -21459.333594      10.979669     156.084298       2.021321  -21303.249295      10.236700  116071.444000       0.001953       2.960142       0.000000
    879000.0       1758.0     303.330000       3.475215    1991.357000     302.704965  -21460.227344       9.987999     156.991160       1.798103  -21303.236183      10.261325  116071.444000       0.001953       2.960142       0.000000
    880000.0       1760.0     302.698000       4.422919    1955.200100     519.615780  -21459.914063      10.499856     156.664639       2.288758  -21303.249424      10.248494  116071.444000       0.001953       2.960142       0.000000
    881000.0       1762.0     300.826000       3.137213    1983.558600     257.645232  -21458.942188      10.297851     155.694109       1.622076  -21303.248079      10.249823  116071.444000       0.001953       2.960142       0.000000
    882000.0       1764.0     301.382000       4.400852    1848.011380     427.918684  -21459.230469      11.833848     155.982606       2.278235  -21303.247863      10.244245  116071.444000       0.001953       2.960142       0.000000
    883000.0       1766.0     300.588000       3.458921    2097.118500     406.873062  -21458.811719      11.513327     155.570114       1.790033  -21303.241604      10.239483  116071.444000       0.001953       2.960142       0.000000
    884000.0       1768.0     300.812000       3.960310    1784.091540     284.990706  -21458.935156      10.670866     155.687027       2.049528  -21303.248129      10.241562  116071.444000       0.001953       2.960142       0.000000
    885000.0       1770.0     301.850000       3.955184    2239.823280     572.162034  -21459.466406      10.377909     156.224389       2.047957  -21303.242017      10.243796  116071.444000       0.001953       2.960142       0.000000
    886000.0       1772.0     301.256000       3.786410    1927.159500     375.072250  -21459.157031      10.281595     155.917047       1.961160  -21303.239985      10.256862  116071.444000       0.001953       2.960142       0.000000
    887000.0       1774.0     301.806000       2.610422    2197.469680     133.633904  -21459.439844      10.698750     156.201678       1.352096  -21303.238165      10.250758  116071.444000       0.001953       2.960142       0.000000
    888000.0       1776.0     301.274000       6.437877    1963.850000     216.600591  -21459.177344      10.793416     155.925696       3.332870  -21303.251647      10.239333  116071.444000       0.001953       2.960142       0.000000
    889000.0       1778.0     303.422000       4.548492    2095.810600     170.556459  -21460.289063       8.901427     157.038825       2.354047  -21303.250237      10.239119  116071.444000       0.001953       2.960142       0.000000
    890000.0       1780.0     302.392000       3.310881    2144.904100     472.301869  -21459.766016      10.874377     156.504051       1.713763  -21303.261964      10.239485  116071.444000       0.001953       2.960142       0.000000
    891000.0       1782.0     303.044000       4.080689    2149.985240     409.335406  -21460.072656      10.733224     156.842460       2.112170  -21303.230196      10.257248  116071.444000       0.001953       2.960142       0.000000
    892000.0       1784.0     301.166000       3.518452    1906.992040     260.669552  -21459.113672       9.880916     155.870134       1.820600  -21303.243538      10.246241  116071.444000       0.001953       2.960142       0.000000
    893000.0       1786.0     303.922000       2.212866    1870.485140     328.101590  -21460.560547      10.840074     157.296626       1.144605  -21303.263921      10.274049  116071.444000       0.001953       2.960142       0.000000
    894000.0       1788.0     300.486000       4.602967    1819.192600     313.358238  -21458.758984       9.888284     155.518735       2.382844  -21303.240250      10.239519  116071.444000       0.001953       2.960142       0.000000
    895000.0       1790.0     302.040000       2.382494    1874.065180     294.947499  -21459.571875      10.241771     156.323119       1.233368  -21303.248756      10.241270  116071.444000       0.001953       2.960142       0.000000
    896000.0       1792.0     302.308000       3.978308    2074.075100     286.228954  -21459.703516       9.893318     156.460663       2.058628  -21303.242853      10.247155  116071.444000       0.001953       2.960142       0.000000
    897000.0       1794.0     303.896000       3.939810    2043.908380     198.159404  -21460.519141      10.307312     157.282961       2.037615  -21303.236180      10.250011  116071.444000       0.001953       2.960142       0.000000
    898000.0       1796.0     303.474000       4.158488    1811.928840     618.059126  -21460.303906      10.673213     157.065812       2.153261  -21303.238094      10.240610  116071.444000       0.001953       2.960142       0.000000
    899000.0       1798.0     300.502000       3.691593    2328.750360     340.420612  -21458.778516      10.106439     155.527017       1.911227  -21303.251499      10.249335  116071.444000       0.001953       2.960142       0.000000
    900000.0       1800.0     303.792000       1.415223    1872.130920     296.351405  -21460.482812      10.652206     157.229840       0.733823  -21303.252973      10.242412  116071.444000       0.001953       2.960142       0.000000
    901000.0       1802.0     302.730000       2.416286    2013.583580     361.676479  -21459.912500      11.063663     156.679285       1.250397  -21303.233215      10.235556  116071.444000       0.001953       2.960142       0.000000
    902000.0       1804.0     303.928000       2.455845    1665.944500     259.499117  -21460.533203      10.658969     157.299166       1.271378  -21303.234037      10.254181  116071.444000       0.001953       2.960142       0.000000
    903000.0       1806.0     300.792000       2.206367    1885.553840     371.966970  -21458.911719      10.556337     155.676281       1.141932  -21303.235438      10.255173  116071.444000       0.001953       2.960142       0.000000
    904000.0       1808.0     302.154000       4.548528    1975.099740     687.737085  -21459.618359      11.852254     156.381901       2.354104  -21303.236459      10.261956  116071.444000       0.001953       2.960142       0.000000
    905000.0       1810.0     300.974000       3.627123    1964.625220     294.361694  -21459.000781      11.875375     155.771495       1.876515  -21303.229286      10.253676  116071.444000       0.001953       2.960142       0.000000
    906000.0       1812.0     303.748000       3.479330    1879.236520     355.723591  -21460.440625      10.182522     157.206023       1.802182  -21303.234603      10.253087  116071.444000       0.001953       2.960142       0.000000
    907000.0       1814.0     304.124000       5.745052    1975.008420     398.264259  -21460.654687      11.066688     157.401055       2.973443  -21303.253633      10.235999  116071.444000       0.001953       2.960142       0.000000
    908000.0       1816.0     302.656000       2.200096    2236.811840     371.175111  -21459.885156       9.328298     156.641307       1.139024  -21303.243850      10.257383  116071.444000       0.001953       2.960142       0.000000
    909000.0       1818.0     300.690000       2.460910    1795.208160     257.490200  -21458.861719      10.458875     155.624163       1.274574  -21303.237556      10.254093  116071.444000       0.001953       2.960142       0.000000
    910000.0       1820.0     302.252000       6.317165    2042.634140     271.690275  -21459.668359       9.057995     156.432511       3.268666  -21303.235849      10.227711  116071.444000       0.001953       2.960142       0.000000
    911000.0       1822.0     302.012000       2.511616    1837.025060     441.381592  -21459.551953      11.180968     156.307717       1.300366  -21303.244236      10.251698  116071.444000       0.001953       2.960142       0.000000
    912000.0       1824.0     303.706000       2.785007    1919.842180     303.450945  -21460.434375      10.266064     157.185507       1.443145  -21303.248868      10.238816  116071.444000       0.001953       2.960142       0.000000
    913000.0       1826.0     303.424000       5.026273    1934.730260     463.378186  -21460.261328      11.572225     157.039373       2.600915  -21303.221955      10.246943  116071.444000       0.001953       2.960142       0.000000
    914000.0       1828.0     302.342000       5.340462    1917.994680     254.547050  -21459.728906      11.419789     156.478750       2.764120  -21303.250156      10.262743  116071.444000       0.001953       2.960142       0.000000
    915000.0       1830.0     302.796000       2.243405    2053.835100     255.080696  -21459.974219      10.470394     156.715092       1.160347  -21303.259127      10.248175  116071.444000       0.001953       2.960142       0.000000
    915000.0       1830.0     302.796000       2.243405    2053.835100     255.080696  -21459.974219      10.470394     156.715092       1.160347  -21303.259127      10.248175  116071.444000       0.001953       2.960142       0.000000
    916000.0       1832.0     302.840000       6.252644    1755.089580     320.246065  -21460.280469      11.277840     156.736795       3.234469  -21303.543674      10.420611  116071.444000       0.001953       2.960142       0.000000
    917000.0       1834.0     301.858000       3.264221    1828.301960     379.254709  -21459.840625      10.425912     156.227560       1.689812  -21303.613065      10.054615  116071.444000       0.001953       2.960142       0.000000
    918000.0       1836.0     301.468000       2.164360    1908.995600     607.852082  -21459.327734      10.431902     156.028082       1.120782  -21303.299652      10.609654  116071.444000       0.001953       2.960142       0.000000
    919000.0       1838.0     301.718000       2.729091    1750.483800     431.598848  -21459.520703       9.901432     156.155857       1.413623  -21303.364846      11.106554  116071.444000       0.001953       2.960142       0.000000
    920000.0       1840.0     302.184000       2.652437    2300.479580     326.533744  -21459.885547       9.765130     156.398079       1.372149  -21303.487468      10.262621  116071.444000       0.001953       2.960142       0.000000
    921000.0       1842.0     302.752000       3.734415    2151.913520     119.284278  -21460.296094      10.534207     156.691338       1.933047  -21303.604756      10.873959  116071.444000       0.001953       2.960142       0.000000
    922000.0       1844.0     302.334000       4.234660    2090.595500     385.667911  -21460.408203      11.456848     156.476247       2.191036  -21303.931956      10.693423  116071.444000       0.001953       2.960142       0.000000
    923000.0       1846.0     300.768000       3.945415    1785.886140     420.650146  -21459.533984      10.942149     155.665080       2.041013  -21303.868905       9.991408  116071.444000       0.001953       2.960142       0.000000
    924000.0       1848.0     302.468000       2.466174    2047.273360     447.191079  -21461.021875      10.093767     156.545395       1.277518  -21304.476480       9.816996  116071.444000       0.001953       2.960142       0.000000
    925000.0       1850.0     302.594000       3.925581    2022.827540     107.350351  -21461.232031       9.991348     156.609661       2.031664  -21304.622370       9.590519  116071.444000       0.001953       2.960142       0.000000
    926000.0       1852.0     301.420000       3.821685    1702.428160     271.932504  -21460.725781      10.159246     156.001610       1.978221  -21304.724171       9.965695  116071.444000       0.001953       2.960142       0.000000
    927000.0       1854.0     302.382000       4.303470    2109.856720     336.980555  -21461.182422       9.969343     156.499421       2.226451  -21304.683001      10.530303  116071.444000       0.001953       2.960142       0.000000
    928000.0       1856.0     301.936000       4.361897    1611.556280     163.348963  -21461.114063      10.055519     156.269470       2.257374  -21304.844592      10.272489  116071.444000       0.001953       2.960142       0.000000
    929000.0       1858.0     303.804000       4.348115    2091.424400     522.361890  -21462.408984      10.344585     157.235762       2.249280  -21305.173222       9.964515  116071.444000       0.001953       2.960142       0.000000
    930000.0       1860.0     301.834000       4.781124    1871.286360     236.886958  -21461.190234      10.979362     156.216432       2.475396  -21304.973802      10.117807  116071.444000       0.001953       2.960142       0.000000
    931000.0       1862.0     300.634000       4.594730    1931.374340     423.292106  -21461.010547      10.969133     155.595010       2.377012  -21305.415537      10.014760  116071.444000       0.001953       2.960142       0.000000
    932000.0       1864.0     301.876000       6.316257    2265.717400     241.700829  -21461.408594      11.660547     156.237341       3.269998  -21305.171253       9.906923  116071.444000       0.001953       2.960142       0.000000
    933000.0       1866.0     298.230000       2.009577    2267.698100     369.512690  -21459.989453      10.045239     154.352034       1.039733  -21305.637419      10.451274  116071.444000       0.001953       2.960142       0.000000
    934000.0       1868.0     300.320000       4.485546    2104.576660     515.042218  -21461.084375      10.775691     155.433802       2.320099  -21305.650573      10.511615  116071.444000       0.001953       2.960142       0.000000
    935000.0       1870.0     299.286000       4.730821    2015.725580     346.797469  -21460.320313      11.519582     154.899361       2.448396  -21305.420952       9.848703  116071.444000       0.001953       2.960142       0.000000
    936000.0       1872.0     301.608000       4.498664    2477.654700     152.005150  -21461.364062      10.058162     156.100571       2.328501  -21305.263492      10.359425  116071.444000       0.001953       2.960142       0.000000
    937000.0       1874.0     303.698000       4.877997    2436.018960     262.821313  -21462.281641      11.484248     157.180893       2.525337  -21305.100748      10.994247  116071.444000       0.001953       2.960142       0.000000
    938000.0       1876.0     299.024000       3.398509    2118.637020     371.143211  -21460.036719      11.035290     154.761726       1.758763  -21305.274993      10.729718  116071.444000       0.001953       2.960142       0.000000
    939000.0       1878.0     298.566000       2.862968    2119.806940     182.203836  -21460.087891      10.511545     154.524449       1.482516  -21305.563442      10.654601  116071.444000       0.001953       2.960142       0.000000
    940000.0       1880.0     302.214000       5.100708    2179.731940     107.671433  -21462.073437      11.955001     156.413212       2.640743  -21305.660226      10.141384  116071.444000       0.001953       2.960142       0.000000
    940000.0       1880.0     302.214000       5.100708    2179.731940     107.671433  -21462.073437      11.955001     156.413212       2.640743  -21305.660226      10.141384  116071.444000       0.001953       2.960142       0.000000
    941000.0       1882.0     301.600000       2.132388    2190.565440     329.838357  -21461.768750      10.572247     156.095648       1.104375  -21305.673103      10.116904  116071.444000       0.001953       2.960142       0.000000
    942000.0       1884.0     299.016000       2.557300    2078.855780     261.089185  -21460.416406      10.110508     154.758735       1.323469  -21305.657671      10.129369  116071.444000       0.001953       2.960142       0.000000
    943000.0       1886.0     301.704000       2.993691    2134.906800     489.261167  -21461.805078       9.810778     156.148560       1.547969  -21305.656518      10.130676  116071.444000       0.001953       2.960142       0.000000
    944000.0       1888.0     300.524000       1.891989    1688.991760     215.675351  -21461.216406      10.379308     155.539157       0.980462  -21305.677249      10.135825  116071.444000       0.001953       2.960142       0.000000
    945000.0       1890.0     299.000000       2.559914    1915.977760     649.093760  -21460.409375       9.912922     154.749143       1.325425  -21305.660232      10.136430  116071.444000       0.001953       2.960142       0.000000
    946000.0       1892.0     299.072000       3.094831    2010.040320     153.962095  -21460.455078      10.819915     154.785386       1.600347  -21305.669692      10.148032  116071.444000       0.001953       2.960142       0.000000
    947000.0       1894.0     299.570000       3.546350    1907.513780     446.949881  -21460.695703      10.575628     155.043628       1.835650  -21305.652075      10.135577  116071.444000       0.001953       2.960142       0.000000
    948000.0       1896.0     301.640000       3.011744    2157.737560     408.518322  -21461.783984      10.201056     156.115192       1.557686  -21305.668793      10.144475  116071.444000       0.001953       2.960142       0.000000
    949000.0       1898.0     300.742000       3.102363    1935.271560     352.404377  -21461.310156      10.000045     155.652043       1.605531  -21305.658113      10.140961  116071.444000       0.001953       2.960142       0.000000
    950000.0       1900.0     299.776000       3.613135    1889.939580     283.833090  -21460.812891      11.027180     155.151715       1.870661  -21305.661175      10.120029  116071.444000       0.001953       2.960142       0.000000
    951000.0       1902.0     300.108000       3.272689    2074.246460     383.297419  -21460.969922      11.140275     155.323362       1.694511  -21305.646560      10.135165  116071.444000       0.001953       2.960142       0.000000
    952000.0       1904.0     300.464000       5.484154    1915.288640     385.443964  -21461.167188       9.802232     155.506789       2.838563  -21305.660398      10.100662  116071.444000       0.001953       2.960142       0.000000
    953000.0       1906.0     297.306000       2.085604    2046.922120     557.863614  -21459.525781       9.840867     153.873525       1.079193  -21305.652256      10.117117  116071.444000       0.001953       2.960142       0.000000
    954000.0       1908.0     298.974000       3.043075    2143.873220     511.662748  -21460.391797      10.988010     154.736119       1.575261  -21305.655678      10.131728  116071.444000       0.001953       2.960142       0.000000
    955000.0       1910.0     299.454000       5.491228    2123.775000     670.768738  -21460.642188      10.416312     154.985453       2.842957  -21305.656734      10.136292  116071.444000       0.001953       2.960142       0.000000
    956000.0       1912.0     299.936000       4.915126    1971.203840     112.460534  -21460.909375      10.407013     155.233501       2.543632  -21305.675875      10.138517  116071.444000       0.001953       2.960142       0.000000
    957000.0       1914.0     300.250000       3.701027    2051.871260     354.586837  -21461.061719       9.995585     155.397690       1.916143  -21305.664028      10.139991  116071.444000       0.001953       2.960142       0.000000
    958000.0       1916.0     299.624000       3.622323    2068.874640     268.565863  -21460.730078       9.941741     155.072453       1.874412  -21305.657625      10.119574  116071.444000       0.001953       2.960142       0.000000
    959000.0       1918.0     301.972000       4.928235    2296.154720     691.312795  -21461.959375      10.043472     156.286302       2.550279  -21305.673073      10.120199  116071.444000       0.001953       2.960142       0.000000
    960000.0       1920.0     300.392000       5.576402    2029.688720     328.109712  -21461.144922      10.780397     155.469873       2.886073  -21305.675049      10.133338  116071.444000       0.001953       2.960142       0.000000
    961000.0       1922.0     299.754000       4.955993    1976.613380     348.819871  -21460.802344      11.931628     155.140716       2.564893  -21305.661628      10.147855  116071.444000       0.001953       2.960142       0.000000
    962000.0       1924.0     299.766000       3.216847    2328.407680     513.655801  -21460.800000      10.173441     155.146332       1.664661  -21305.653668      10.129909  116071.444000       0.001953       2.960142       0.000000
    963000.0       1926.0     298.756000       3.483714    2285.642140     465.677379  -21460.292578      10.342655     154.623944       1.802756  -21305.668634      10.119828  116071.444000       0.001953       2.960142       0.000000
    964000.0       1928.0     299.232000       3.472840    1919.465240     212.633078  -21460.509375      10.691620     154.869580       1.797331  -21305.639795      10.115935  116071.444000       0.001953       2.960142       0.000000
    965000.0       1930.0     299.406000       5.245934    2045.792620     361.242681  -21460.619922      10.701703     154.959505       2.714746  -21305.660417      10.115184  116071.444000       0.001953       2.960142       0.000000
    966000.0       1932.0     300.618000       3.186631    2396.081260     349.611599  -21461.254297      10.664101     155.588428       1.649654  -21305.665869      10.139553  116071.444000       0.001953       2.960142       0.000000
    967000.0       1934.0     300.564000       2.563253    2102.082600     341.967331  -21461.230469      10.759710     155.560446       1.327412  -21305.670023      10.138773  116071.444000       0.001953       2.960142       0.000000
    968000.0       1936.0     299.830000       3.168861    2132.750260     321.705636  -21460.851953       9.551279     155.178477       1.639510  -21305.673476      10.141443  116071.444000       0.001953       2.960142       0.000000
    969000.0       1938.0     298.476000       2.430379    2162.608980     518.848616  -21460.145703      10.504110     154.479078       1.257983  -21305.666625      10.139075  116071.444000       0.001953       2.960142       0.000000
    970000.0       1940.0     301.298000       4.108846    1980.691720     195.500068  -21461.598438      10.164311     155.937872       2.124964  -21305.660565      10.115849  116071.444000       0.001953       2.960142       0.000000
    971000.0       1942.0     302.042000       3.285662    2062.869100     149.327650  -21461.998828      10.264030     156.322923       1.700697  -21305.675905      10.141489  116071.444000       0.001953       2.960142       0.000000
    972000.0       1944.0     299.540000       3.015175    2373.305020     230.458342  -21460.675391       9.257227     155.029567       1.560692  -21305.645824      10.132577  116071.444000       0.001953       2.960142       0.000000
    973000.0       1946.0     301.864000       4.434815    2222.204640     249.359313  -21461.899609       9.502378     156.232129       2.295359  -21305.667480      10.135585  116071.444000       0.001953       2.960142       0.000000
    974000.0       1948.0     299.544000       2.307203    2444.574220     319.698248  -21460.712500       9.705448     155.031129       1.193885  -21305.681371      10.117314  116071.444000       0.001953       2.960142       0.000000
    975000.0       1950.0     301.384000       4.390064    2042.444360     401.202129  -21461.648437      11.425831     155.985044       2.271461  -21305.663393      10.116068  116071.444000       0.001953       2.960142       0.000000
    976000.0       1952.0     299.478000       3.299518    1979.543020     446.391655  -21460.659375       9.720709     154.996893       1.707873  -21305.662482      10.119928  116071.444000       0.001953       2.960142       0.000000
    977000.0       1954.0     299.932000       3.880059    1970.637480     240.805657  -21460.867187      10.408623     155.231954       2.007235  -21305.635233      10.120723  116071.444000       0.001953       2.960142       0.000000
    978000.0       1956.0     300.844000       5.265589    1893.910060     421.569275  -21461.355859      11.650138     155.703109       2.724445  -21305.652751      10.122048  116071.444000       0.001953       2.960142       0.000000
    979000.0       1958.0     299.974000       4.891256    2110.601540     182.034266  -21460.917578       9.487128     155.253024       2.532075  -21305.664555      10.138961  116071.444000       0.001953       2.960142       0.000000
    980000.0       1960.0     300.148000       5.980031    2124.113880     399.927075  -21461.024219      11.717181     155.343293       3.095590  -21305.680925      10.138613  116071.444000       0.001953       2.960142       0.000000
    981000.0       1962.0     299.448000       4.718014    2102.804200     288.871961  -21460.628125      11.214242     154.982600       2.442763  -21305.645525      10.128965  116071.444000       0.001953       2.960142       0.000000
    982000.0       1964.0     302.282000       2.725314    2067.580840     437.647777  -21462.112891      10.497042     156.447685       1.411432  -21305.665205      10.139363  116071.444000       0.001953       2.960142       0.000000
    983000.0       1966.0     303.406000       3.253162    2212.113660     404.362317  -21462.692578      10.514497     157.029984       1.683667  -21305.662594      10.133980  116071.444000       0.001953       2.960142       0.000000
    984000.0       1968.0     300.492000       3.660718    2185.509740     472.364774  -21461.168359      10.309364     155.520455       1.893980  -21305.647905      10.128920  116071.444000       0.001953       2.960142       0.000000
    985000.0       1970.0     299.134000       3.061311    1954.938900     392.890705  -21460.476953      10.210428     154.819894       1.583949  -21305.657059      10.121165  116071.444000       0.001953       2.960142       0.000000
    986000.0       1972.0     301.270000       3.141293    1608.563220     485.465383  -21461.585547      10.660503     155.923826       1.626439  -21305.661721      10.140464  116071.444000       0.001953       2.960142       0.000000
    987000.0       1974.0     301.798000       4.016578    1806.969300     389.093911  -21461.870313      10.115280     156.197305       2.078501  -21305.673008      10.131033  116071.444000       0.001953       2.960142       0.000000
    988000.0       1976.0     300.988000       3.335179    1922.932360     132.501355  -21461.440625      10.954627     155.780121       1.726441  -21305.660504      10.119583  116071.444000       0.001953       2.960142       0.000000
    989000.0       1978.0     301.358000       3.176126    1920.522820     246.050814  -21461.630469      10.765903     155.970638       1.644085  -21305.659831      10.140861  116071.444000       0.001953       2.960142       0.000000
    990000.0       1980.0     300.754000       2.611793    1833.594000     600.779042  -21461.316406      10.533396     155.657366       1.350623  -21305.659040      10.131197  116071.444000       0.001953       2.960142       0.000000
    990000.0       1980.0     300.754000       2.611793    1833.594000     600.779042  -21461.316406      10.533396     155.657366       1.350623  -21305.659040      10.131197  116071.444000       0.001953       2.960142       0.000000
    991000.0       1982.0     300.884000       3.909801    1955.912740     298.652461  -21461.757031      10.635358     155.724845       2.022597  -21306.032187       9.895921  116071.444000       0.001953       2.960142       0.000000
    992000.0       1984.0     303.060000       3.012487    2140.481760     404.721723  -21462.611328      10.955606     156.851312       1.558545  -21305.760016      10.158273  116071.444000       0.001953       2.960142       0.000000
    993000.0       1986.0     299.142000       3.944482    2120.865680     479.793234  -21461.046094      10.205135     154.822830       2.040471  -21306.223264      10.053543  116071.444000       0.001953       2.960142       0.000000
    994000.0       1988.0     300.838000       4.896927    1835.638140     795.452165  -21461.190234       9.629801     155.701471       2.535608  -21305.488764      10.345576  116071.444000       0.001953       2.960142       0.000000
    995000.0       1990.0     301.338000       2.126720    2005.263000     663.030831  -21461.268750      10.929430     155.959691       1.100210  -21305.309059      10.486039  116071.444000       0.001953       2.960142       0.000000
    996000.0       1992.0     302.120000       2.146970    1805.476280     575.960738  -21461.889844      11.195219     156.364310       1.109405  -21305.525534      10.365059  116071.444000       0.001953       2.960142       0.000000
    997000.0       1994.0     300.874000       3.169458    1763.684640     280.123598  -21461.487500      11.187654     155.719185       1.641034  -21305.768315      10.270453  116071.444000       0.001953       2.960142       0.000000
    998000.0       1996.0     298.866000       1.248753    2167.517100     457.895586  -21459.482422       9.948819     154.678660       0.646870  -21304.803762       9.929358  116071.444000       0.001953       2.960142       0.000000
    999000.0       1998.0     298.810000       2.248004    2306.279920     383.981445  -21459.155078       9.770142     154.650864       1.163105  -21304.504214       9.410835  116071.444000       0.001953       2.960142       0.000000
   1000000.0       2000.0     300.800000       2.341393    2326.381860     422.327066  -21460.454687      10.508551     155.681694       1.211993  -21304.772993       9.720407  116071.444000       0.001953       2.960142       0.000000
   1001000.0       2002.0     300.708000       2.725549    1926.923500     124.607767  -21460.250000      10.876348     155.631545       1.410827  -21304.618455       9.814425  116071.444000       0.001953       2.960142       0.000000
   1002000.0       2004.0     302.120000       2.167505    1961.580720     316.227874  -21461.127734      10.870146     156.363456       1.122941  -21304.764278       9.909627  116071.444000       0.001953       2.960142       0.000000
   1003000.0       2006.0     302.236000       3.505816    2108.651980     198.810851  -21461.385547      11.261493     156.424474       1.814203  -21304.961073       9.936867  116071.444000       0.001953       2.960142       0.000000
   1004000.0       2008.0     305.260000       2.690033    2139.124220     411.768762  -21462.294531      10.941495     157.989722       1.393343  -21304.304809      10.528217  116071.444000       0.001953       2.960142       0.000000
   1005000.0       2010.0     300.864000       3.524410    2232.088540     402.699027  -21460.042187      11.895635     155.715349       1.824802  -21304.326839      11.024126  116071.444000       0.001953       2.960142       0.000000
   1006000.0       2012.0     301.584000       4.110803    2108.862080     377.519689  -21460.491016      11.916712     156.086481       2.126575  -21304.404534      11.002752  116071.444000       0.001953       2.960142       0.000000
   1007000.0       2014.0     301.648000       3.758002    2010.795160     335.060925  -21460.536719      10.690889     156.120366       1.945778  -21304.416353      10.677623  116071.444000       0.001953       2.960142       0.000000
   1008000.0       2016.0     300.024000       2.627224    1765.786540     358.147356  -21459.771875      10.025504     155.279767       1.360092  -21304.492108      10.613268  116071.444000       0.001953       2.960142       0.000000
   1009000.0       2018.0     300.580000       2.654325    1923.635340     480.129204  -21459.989844      12.082908     155.566671       1.373359  -21304.423172      11.063881  116071.444000       0.001953       2.960142       0.000000
   1010000.0       2020.0     301.486000       1.822598    1880.172580     238.752783  -21460.201562      10.962492     156.035294       0.943587  -21304.166269      11.013755  116071.444000       0.001953       2.960142       0.000000
   1011000.0       2022.0     302.062000       3.234912    1840.321640     324.547839  -21460.378906      11.272616     156.334579       1.674772  -21304.044328      10.081612  116071.444000       0.001953       2.960142       0.000000
   1012000.0       2024.0     301.422000       3.568100    1927.575880     532.665056  -21460.903516       9.371986     156.002431       1.847396  -21304.901085       9.310352  116071.444000       0.001953       2.960142       0.000000
   1013000.0       2026.0     299.648000       3.610110    2391.080320     457.984607  -21459.563281       9.470897     155.084677       1.867612  -21304.478604       9.478836  116071.444000       0.001953       2.960142       0.000000
   1014000.0       2028.0     302.972000       2.210280    2141.613160     316.501558  -21461.391797       8.972643     156.805746       1.143854  -21304.586051       9.027948  116071.444000       0.001953       2.960142       0.000000
   1015000.0       2030.0     303.206000       4.535930    2074.284880     246.426458  -21461.391797      10.515683     156.926138       2.347899  -21304.465659       8.584793  116071.444000       0.001953       2.960142       0.000000
