# Ensemble Average Results:
#      Step      Time(ps)      <Temp>      Temp_std         <P>         P_std        <PE>        PE_std        <KE>        KE_std       <Etot>      Etot_std       <Vol>       Vol_std     <Density>   Density_std
   1015000.0       2030.0     303.206000       4.535930    2074.284880     246.426458  -21461.391797      10.515683     156.926138       2.347899  -21304.465659       8.584793  116071.444000       0.001953       2.960142       0.000000
   1016000.0       2032.0     302.382000       2.839996    1893.282120     171.721110  -21460.971484       8.939963     156.499335       1.469261  -21304.472149       8.557723  116071.444000       0.001953       2.960142       0.000000
   1017000.0       2034.0     301.936000       4.956542    2130.010260     201.699834  -21460.723437      10.530604     156.268866       2.564973  -21304.454571       8.561383  116071.444000       0.001953       2.960142       0.000000
   1018000.0       2036.0     303.280000       3.932917    2118.032720     406.768007  -21461.432813      10.203574     156.965635       2.035201  -21304.467177       8.566591  116071.444000       0.001953       2.960142       0.000000
   1019000.0       2038.0     300.502000       3.045530    2104.441640     483.130434  -21459.986719       9.370228     155.526645       1.575796  -21304.460074       8.557943  116071.444000       0.001953       2.960142       0.000000
   1020000.0       2040.0     302.100000       2.954238    2275.422980     370.229420  -21460.818360       9.709289     156.353707       1.529404  -21304.464652       8.563729  116071.444000       0.001953       2.960142       0.000000
   1021000.0       2042.0     301.046000       4.172935    2101.899220     213.956528  -21460.281250      10.232743     155.808283       2.159418  -21304.472967       8.557304  116071.444000       0.001953       2.960142       0.000000
   1022000.0       2044.0     302.426000       3.366782    2124.246220     303.016221  -21461.002344       9.297601     156.522676       1.742735  -21304.479668       8.569028  116071.444000       0.001953       2.960142       0.000000
   1023000.0       2046.0     302.798000       3.878564    1831.012980     363.272066  -21461.194531      10.246250     156.715101       2.006561  -21304.479430       8.561706  116071.444000       0.001953       2.960142       0.000000
   1024000.0       2048.0     302.588000       2.702283    2127.451440     434.876775  -21461.078906       8.629513     156.606412       1.397876  -21304.472494       8.550178  116071.444000       0.001953       2.960142       0.000000
   1025000.0       2050.0     299.486000       3.282247    2136.077300     457.061144  -21459.444141       9.494391     154.999513       1.698467  -21304.444627       8.561233  116071.444000       0.001953       2.960142       0.000000
   1026000.0       2052.0     299.962000       4.986058    2476.568340     396.847159  -21459.714453      10.694886     155.247971       2.580270  -21304.466482       8.579593  116071.444000       0.001953       2.960142       0.000000
   1027000.0       2054.0     303.182000       3.523750    2554.008160     307.172948  -21461.380469       9.924248     156.912412       1.823901  -21304.468056       8.565681  116071.444000       0.001953       2.960142       0.000000
   1028000.0       2056.0     301.792000       2.950426    2188.495620     497.117565  -21460.630078       9.823100     156.194354       1.526711  -21304.435724       8.571891  116071.444000       0.001953       2.960142       0.000000
   1029000.0       2058.0     301.306000       3.450041    2383.723480     294.734323  -21460.391797       9.741453     155.943235       1.784715  -21304.448562       8.571221  116071.444000       0.001953       2.960142       0.000000
   1030000.0       2060.0     301.288000       2.794598    1836.444380     301.675684  -21460.392578       9.887960     155.933545       1.445376  -21304.459033       8.568012  116071.444000       0.001953       2.960142       0.000000
   1031000.0       2062.0     298.258000       2.272025    1822.415700     349.647350  -21458.823828       9.309523     154.365463       1.175382  -21304.458365       8.564117  116071.444000       0.001953       2.960142       0.000000
   1032000.0       2064.0     301.986000       3.893865    2052.238620     347.004100  -21460.753125       9.831594     156.294690       2.016113  -21304.458435       8.562576  116071.444000       0.001953       2.960142       0.000000
   1033000.0       2066.0     301.548000       3.354909    1968.761300     395.904317  -21460.531641       9.819243     156.067884       1.736441  -21304.463757       8.561393  116071.444000       0.001953       2.960142       0.000000
   1034000.0       2068.0     301.596000       5.485365    1578.971760     404.506258  -21460.559765      11.166130     156.094125       2.838216  -21304.465641       8.588434  116071.444000       0.001953       2.960142       0.000000
   1035000.0       2070.0     301.114000       2.103308    2523.846460     460.640027  -21460.317188       9.214598     155.842845       1.089122  -21304.474343       8.580318  116071.444000       0.001953       2.960142       0.000000
   1036000.0       2072.0     300.642000       5.107811    2228.103660     522.630711  -21460.061328       9.246760     155.598438       2.644024  -21304.462890       8.567549  116071.444000       0.001953       2.960142       0.000000
   1037000.0       2074.0     300.204000       4.315783    2352.851980     383.112231  -21459.827344      10.472003     155.372952       2.233528  -21304.454392       8.582074  116071.444000       0.001953       2.960142       0.000000
   1038000.0       2076.0     301.578000       4.400952    1709.816600     313.489125  -21460.539844       9.846829     156.084267       2.277924  -21304.455577       8.565944  116071.444000       0.001953       2.960142       0.000000
   1039000.0       2078.0     301.626000       2.892768    2366.715040     409.395515  -21460.556641       9.834166     156.109248       1.497750  -21304.447393       8.559790  116071.444000       0.001953       2.960142       0.000000
   1040000.0       2080.0     303.786000       5.402057    1680.237380     288.907996  -21461.688281      11.129016     157.226147       2.795215  -21304.462134       8.562633  116071.444000       0.001953       2.960142       0.000000
   1041000.0       2082.0     301.914000       2.909203    2286.359080     474.507686  -21460.728125       9.411276     156.258216       1.505003  -21304.469910       8.565395  116071.444000       0.001953       2.960142       0.000000
   1042000.0       2084.0     299.736000       3.980963    2027.382540     228.277523  -21459.596875       9.268773     155.130541       2.059147  -21304.466334       8.565865  116071.444000       0.001953       2.960142       0.000000
   1043000.0       2086.0     301.220000       3.493262    2097.295300     377.817819  -21460.348047      10.065095     155.898212       1.808728  -21304.449835       8.579872  116071.444000       0.001953       2.960142       0.000000
   1044000.0       2088.0     300.446000       4.559796    1858.765520     435.080564  -21459.958594       9.431740     155.498156       2.360926  -21304.460438       8.574924  116071.444000       0.001953       2.960142       0.000000
   1045000.0       2090.0     299.864000       2.810990    1958.197720     414.976058  -21459.651563       9.174165     155.195788       1.454541  -21304.455774       8.570258  116071.444000       0.001953       2.960142       0.000000
   1046000.0       2092.0     301.734000       3.239096    1996.637820     375.318461  -21460.614844      10.132414     156.164234       1.675978  -21304.450610       8.557364  116071.444000       0.001953       2.960142       0.000000
   1047000.0       2094.0     301.986000       3.930677    2585.071480     502.832565  -21460.766797      10.123835     156.295033       2.035068  -21304.471764       8.558233  116071.444000       0.001953       2.960142       0.000000
   1048000.0       2096.0     305.180000       1.625866    2010.445840     225.629722  -21462.410156       9.101766     157.947640       0.841393  -21304.462517       8.557804  116071.444000       0.001953       2.960142       0.000000
   1049000.0       2098.0     300.234000       2.282521    1800.977160     198.050020  -21459.846485       9.110892     155.387739       1.180835  -21304.458745       8.562453  116071.444000       0.001953       2.960142       0.000000
   1050000.0       2100.0     300.548000       2.208514    2264.573500     494.013952  -21459.995313       9.258734     155.549804       1.142545  -21304.445509       8.566922  116071.444000       0.001953       2.960142       0.000000
   1051000.0       2102.0     301.078000       4.620404    2308.629580     317.749261  -21460.263281      10.006402     155.825921       2.390731  -21304.437361       8.563169  116071.444000       0.001953       2.960142       0.000000
   1052000.0       2104.0     300.820000       1.957774    2148.774300     286.634951  -21460.143359       9.394712     155.691275       1.012089  -21304.452084       8.565740  116071.444000       0.001953       2.960142       0.000000
   1053000.0       2106.0     302.068000       3.013711    2212.737920     499.935657  -21460.802344      10.123455     156.336160       1.560098  -21304.466184       8.573421  116071.444000       0.001953       2.960142       0.000000
   1054000.0       2108.0     300.610000       1.643302    2030.248820     289.424795  -21460.039844       8.685807     155.582326       0.850751  -21304.457518       8.565148  116071.444000       0.001953       2.960142       0.000000
   1055000.0       2110.0     301.134000       3.630100    1874.632800     384.838495  -21460.305859      10.319642     155.853637       1.879124  -21304.452222       8.569734  116071.444000       0.001953       2.960142       0.000000
   1056000.0       2112.0     302.720000       2.117650    2175.527440     338.996719  -21461.133203       8.710005     156.674419       1.095939  -21304.458784       8.567056  116071.444000       0.001953       2.960142       0.000000
   1057000.0       2114.0     302.052000       4.009526    1968.539900     225.493767  -21460.794531      10.015899     156.328202       2.075730  -21304.466330       8.573522  116071.444000       0.001953       2.960142       0.000000
   1058000.0       2116.0     300.578000       2.103762    2212.831640     387.013456  -21460.016406       8.605534     155.566646       1.088483  -21304.449761       8.571366  116071.444000       0.001953       2.960142       0.000000
   1059000.0       2118.0     303.038000       4.832061    1935.165960     295.645560  -21461.314062       9.124908     156.840156       2.501394  -21304.473906       8.545557  116071.444000       0.001953       2.960142       0.000000
   1060000.0       2120.0     301.772000       6.846849    1891.340400     449.088382  -21460.658984      11.734548     156.184075       3.543227  -21304.474910       8.573497  116071.444000       0.001953       2.960142       0.000000
   1061000.0       2122.0     300.596000       3.152076    1943.602800     469.453102  -21460.051172      10.102486     155.575629       1.631774  -21304.475543       8.571384  116071.444000       0.001953       2.960142       0.000000
   1062000.0       2124.0     302.066000       5.643972    1825.089620     193.766797  -21460.790625      10.337968     156.335873       2.921309  -21304.454752       8.566478  116071.444000       0.001953       2.960142       0.000000
   1063000.0       2126.0     305.418000       3.566362    1734.230540     270.832469  -21462.544922      10.204845     158.071076       1.846413  -21304.473846       8.571729  116071.444000       0.001953       2.960142       0.000000
   1064000.0       2128.0     303.234000       4.521896    1952.174440     284.193950  -21461.404688       9.769179     156.941355       2.341584  -21304.463333       8.571618  116071.444000       0.001953       2.960142       0.000000
   1065000.0       2130.0     302.614000       3.694897    2144.810920     324.515633  -21461.079297       9.615273     156.620470       1.912747  -21304.458827       8.548056  116071.444000       0.001953       2.960142       0.000000
   1066000.0       2132.0     299.372000       3.884252    2166.614720     275.018503  -21459.409375      10.133572     154.942058       2.010833  -21304.467317       8.573554  116071.444000       0.001953       2.960142       0.000000
   1067000.0       2134.0     302.752000       2.872291    2038.393000     402.567012  -21461.142969       9.617833     156.690794       1.485570  -21304.452175       8.575571  116071.444000       0.001953       2.960142       0.000000
   1068000.0       2136.0     301.980000       3.714695    2388.901240     531.300812  -21460.748437      10.235046     156.291679       1.923302  -21304.456758       8.580292  116071.444000       0.001953       2.960142       0.000000
   1069000.0       2138.0     301.574000       3.091981    1888.194000     469.601708  -21460.542578       9.177131     156.081496       1.600075  -21304.461082       8.581172  116071.444000       0.001953       2.960142       0.000000
   1070000.0       2140.0     302.838000       3.176630    2284.711000     450.359949  -21461.188672       9.911263     156.735082       1.643630  -21304.453590       8.557063  116071.444000       0.001953       2.960142       0.000000
   1071000.0       2142.0     301.910000       5.106686    2223.685900     281.897445  -21460.703906      10.436327     156.255083       2.643221  -21304.448823       8.560836  116071.444000       0.001953       2.960142       0.000000
   1072000.0       2144.0     302.612000       4.150693    2012.018240     283.372114  -21461.095703      10.061993     156.619059       2.148360  -21304.476643       8.563588  116071.444000       0.001953       2.960142       0.000000
   1073000.0       2146.0     301.758000       3.140225    2158.381720     345.532809  -21460.636719       8.584578     156.177126       1.623584  -21304.459593       8.571129  116071.444000       0.001953       2.960142       0.000000
   1074000.0       2148.0     300.556000       3.308532    2327.080340     433.660950  -21460.011719       9.653419     155.556222       1.712183  -21304.455496       8.560993  116071.444000       0.001953       2.960142       0.000000
   1075000.0       2150.0     303.940000       2.385330    1786.350180     266.480952  -21461.758984       9.445591     157.306210       1.234244  -21304.452774       8.561857  116071.444000       0.001953       2.960142       0.000000
   1076000.0       2152.0     302.962000       4.649354    2049.619960     269.660887  -21461.260937       9.941404     156.799881       2.406242  -21304.461056       8.568916  116071.444000       0.001953       2.960142       0.000000
   1077000.0       2154.0     304.190000       2.994455    1961.936620     556.720977  -21461.900391       9.859797     157.435381       1.549676  -21304.465009       8.578368  116071.444000       0.001953       2.960142       0.000000
   1078000.0       2156.0     302.620000       3.039947    2070.096460     348.203417  -21461.085547      10.015976     156.623169       1.574555  -21304.462378       8.576275  116071.444000       0.001953       2.960142       0.000000
   1079000.0       2158.0     300.694000       2.738968    2292.108480     299.664293  -21460.089453       9.195634     155.625902       1.418252  -21304.463551       8.563330  116071.444000       0.001953       2.960142       0.000000
   1080000.0       2160.0     301.412000       4.153348    2158.906820     478.802217  -21460.447656      10.012040     155.996669       2.149962  -21304.450987       8.568364  116071.444000       0.001953       2.960142       0.000000
   1081000.0       2162.0     303.854000       3.785924    2295.226360     354.705264  -21461.719531      10.048083     157.261819       1.959571  -21304.457712       8.564426  116071.444000       0.001953       2.960142       0.000000
   1082000.0       2164.0     298.878000       3.050576    2276.105640     332.139412  -21459.135547       9.743422     154.686102       1.579691  -21304.449445       8.553562  116071.444000       0.001953       2.960142       0.000000
   1083000.0       2166.0     303.400000       0.828758    2233.645600     267.121115  -21461.498438       8.885130     157.027788       0.429763  -21304.470650       8.576749  116071.444000       0.001953       2.960142       0.000000
   1084000.0       2168.0     301.770000       2.654378    2075.414720     231.006340  -21460.640234       9.142749     156.183280       1.372635  -21304.456954       8.560487  116071.444000       0.001953       2.960142       0.000000
   1085000.0       2170.0     300.522000       2.953936    2353.599160     294.892273  -21459.996484       8.950080     155.537656       1.528485  -21304.458828       8.584423  116071.444000       0.001953       2.960142       0.000000
   1086000.0       2172.0     301.552000       2.577793    2044.561980     503.908587  -21460.538281       8.299443     156.070173       1.334059  -21304.468109       8.570887  116071.444000       0.001953       2.960142       0.000000
   1087000.0       2174.0     301.856000       3.230496    2005.425920     198.460248  -21460.688672      10.076872     156.227951       1.671758  -21304.460721       8.567937  116071.444000       0.001953       2.960142       0.000000
   1088000.0       2176.0     301.620000       4.140382    2069.951040     270.011258  -21460.572656       8.897782     156.106620       2.143145  -21304.466037       8.557787  116071.444000       0.001953       2.960142       0.000000
   1089000.0       2178.0     301.424000       2.442921    2139.751780     355.576681  -21460.454297       9.307019     156.003718       1.264328  -21304.450579       8.563599  116071.444000       0.001953       2.960142       0.000000
   1090000.0       2180.0     302.648000       3.212951    1903.233820     163.564628  -21461.092578       9.634741     156.638167       1.662379  -21304.454411       8.561868  116071.444000       0.001953       2.960142       0.000000
   1091000.0       2182.0     298.876000       1.456580    2295.759900     235.690991  -21459.150000       8.497129     154.686996       0.753987  -21304.463004       8.578050  116071.444000       0.001953       2.960142       0.000000
   1092000.0       2184.0     302.762000       6.304596    2078.310620     154.615083  -21461.166016      11.622617     156.697309       3.262470  -21304.468706       8.576251  116071.444000       0.001953       2.960142       0.000000
   1093000.0       2186.0     301.718000       4.160305    1874.652560     607.255153  -21460.614844       9.785129     156.155680       2.153610  -21304.459164       8.571145  116071.444000       0.001953       2.960142       0.000000
   1094000.0       2188.0     301.098000       3.847594    2258.620660     436.983775  -21460.296875      10.080848     155.835499       1.990517  -21304.461376       8.574025  116071.444000       0.001953       2.960142       0.000000
   1095000.0       2190.0     300.818000       4.156091    2179.954500     572.756548  -21460.151172       9.982075     155.690291       2.151013  -21304.460881       8.572138  116071.444000       0.001953       2.960142       0.000000
   1096000.0       2192.0     302.258000       3.240095    2008.992520     189.199652  -21460.903516       9.889694     156.436991       1.676930  -21304.466524       8.566026  116071.444000       0.001953       2.960142       0.000000
   1097000.0       2194.0     302.406000       2.798490    2071.657460     272.802091  -21460.957812       9.100863     156.511683       1.448804  -21304.446129       8.567556  116071.444000       0.001953       2.960142       0.000000
   1098000.0       2196.0     302.782000       3.842106    2177.073060     327.032487  -21461.177734      10.122224     156.707263       1.987768  -21304.470471       8.571336  116071.444000       0.001953       2.960142       0.000000
   1099000.0       2198.0     302.660000       5.657254    1933.725160     598.183713  -21461.097266      10.899601     156.643340       2.928651  -21304.453926       8.581231  116071.444000       0.001953       2.960142       0.000000
   1100000.0       2200.0     302.822000       5.395114    2318.616680     225.528892  -21461.187500      10.306577     156.727521       2.791292  -21304.459979       8.565936  116071.444000       0.001953       2.960142       0.000000
   1101000.0       2202.0     304.026000       5.512348    2180.825300      94.416949  -21461.791797      10.521933     157.351200       2.852181  -21304.440597       8.559665  116071.444000       0.001953       2.960142       0.000000
   1102000.0       2204.0     302.422000       3.836537    2118.797000     418.502711  -21460.984375      10.085931     156.520115       1.984602  -21304.464260       8.571383  116071.444000       0.001953       2.960142       0.000000
   1103000.0       2206.0     303.860000       3.052376    1915.743940     383.584538  -21461.734375       9.198603     157.264500       1.580185  -21304.469875       8.551483  116071.444000       0.001953       2.960142       0.000000
   1104000.0       2208.0     301.596000       1.423230    1982.446100     233.643629  -21460.564453       9.019569     156.093008       0.736174  -21304.471445       8.557967  116071.444000       0.001953       2.960142       0.000000
   1105000.0       2210.0     299.682000       3.760114    2376.045220     431.353707  -21459.555469       9.124207     155.102380       1.945133  -21304.453089       8.554111  116071.444000       0.001953       2.960142       0.000000
   1106000.0       2212.0     301.232000       3.075278    2036.072920     353.204031  -21460.349609       9.532733     155.905759       1.592638  -21304.443850       8.561120  116071.444000       0.001953       2.960142       0.000000
   1107000.0       2214.0     299.648000       3.230804    2164.941220     317.454644  -21459.553906       9.936864     155.085028       1.672686  -21304.468878       8.569960  116071.444000       0.001953       2.960142       0.000000
   1108000.0       2216.0     303.902000       6.739152    2034.409000     578.746902  -21461.744531      11.582911     157.286357       3.487196  -21304.458175       8.571111  116071.444000       0.001953       2.960142       0.000000
   1109000.0       2218.0     303.236000       2.060763    2270.679860     340.180003  -21461.398047       8.457903     156.941987       1.065698  -21304.456060       8.566624  116071.444000       0.001953       2.960142       0.000000
   1110000.0       2220.0     299.772000       4.440709    2040.394140     169.523779  -21459.619531      10.423117     155.148158       2.298023  -21304.471373       8.577828  116071.444000       0.001953       2.960142       0.000000
   1111000.0       2222.0     301.146000       2.000646    2289.096200     507.249695  -21460.306641       9.574368     155.859650       1.035093  -21304.446991       8.587832  116071.444000       0.001953       2.960142       0.000000
   1112000.0       2224.0     301.852000       2.895862    1944.372240     316.907186  -21460.692578       9.823045     156.226111       1.500056  -21304.466467       8.560552  116071.444000       0.001953       2.960142       0.000000
   1113000.0       2226.0     300.180000       3.344255    1989.073840     442.672601  -21459.802734      10.020121     155.359698       1.731312  -21304.443036       8.560622  116071.444000       0.001953       2.960142       0.000000
   1114000.0       2228.0     302.758000       3.803185    2203.160240     332.433866  -21461.159375       9.872640     156.694135       1.967435  -21304.465240       8.573467  116071.444000       0.001953       2.960142       0.000000
   1115000.0       2230.0     300.626000       3.716136    1813.678420     105.525220  -21460.047656       9.340776     155.591117       1.922885  -21304.456539       8.555750  116071.444000       0.001953       2.960142       0.000000
   1116000.0       2232.0     301.670000       3.648918    1923.752740     226.870820  -21460.592578       8.998381     156.132004       1.889209  -21304.460574       8.562932  116071.444000       0.001953       2.960142       0.000000
   1117000.0       2234.0     301.810000       3.026265    1646.937900     303.899131  -21460.672656       8.012618     156.203615       1.566976  -21304.469041       8.571182  116071.444000       0.001953       2.960142       0.000000
   1118000.0       2236.0     302.574000       5.132811    2096.209840     154.842921  -21461.069141      10.272965     156.598542       2.655730  -21304.470598       8.573617  116071.444000       0.001953       2.960142       0.000000
   1119000.0       2238.0     302.686000       2.848793    1940.784140     425.866415  -21461.116016       9.564209     156.656516       1.474663  -21304.459499       8.562027  116071.444000       0.001953       2.960142       0.000000
   1120000.0       2240.0     302.814000       2.754535    1993.647880     365.058736  -21461.170313       9.610817     156.722667       1.425730  -21304.447646       8.594012  116071.444000       0.001953       2.960142       0.000000
   1121000.0       2242.0     301.424000       2.241139    2044.138860     253.907247  -21460.464063       8.969611     156.003113       1.160530  -21304.460949       8.585243  116071.444000       0.001953       2.960142       0.000000
   1122000.0       2244.0     303.320000       4.444003    2082.215320     308.418064  -21461.435547       8.977749     156.985018       2.299073  -21304.450529       8.555074  116071.444000       0.001953       2.960142       0.000000
   1123000.0       2246.0     299.728000       5.349536    1875.097280     389.521031  -21459.582812      10.297039     155.125977       2.768990  -21304.456835       8.564464  116071.444000       0.001953       2.960142       0.000000
   1124000.0       2248.0     301.452000       6.294485    1991.072320     628.290088  -21460.486328      11.388090     156.018903       3.258168  -21304.467425       8.564776  116071.444000       0.001953       2.960142       0.000000
   1125000.0       2250.0     303.220000       3.065296    1669.990420     257.571989  -21461.378906       9.557072     156.934526       1.587151  -21304.444381       8.567408  116071.444000       0.001953       2.960142       0.000000
   1126000.0       2252.0     300.940000       3.289152    2007.014740     209.632770  -21460.198047       9.684967     155.752602       1.702321  -21304.445445       8.559100  116071.444000       0.001953       2.960142       0.000000
   1127000.0       2254.0     300.900000       5.409558    1926.459540     379.257373  -21460.177343      10.725977     155.733472       2.799833  -21304.443871       8.568620  116071.444000       0.001953       2.960142       0.000000
   1128000.0       2256.0     301.518000       3.350274    2066.851380     511.713563  -21460.503516       9.121343     156.051515       1.733451  -21304.452000       8.570344  116071.444000       0.001953       2.960142       0.000000
   1129000.0       2258.0     304.628000       4.332636    2205.202360     383.738436  -21462.126953      10.581508     157.661796       2.242798  -21304.465157       8.565717  116071.444000       0.001953       2.960142       0.000000
   1130000.0       2260.0     302.252000       4.444360    2000.721100     196.738021  -21460.903125      10.820337     156.432241       2.300599  -21304.470884       8.561237  116071.444000       0.001953       2.960142       0.000000
   1131000.0       2262.0     304.944000       5.416278    2003.752280     152.883557  -21462.298047      11.229142     157.825251       2.802627  -21304.472796       8.561471  116071.444000       0.001953       2.960142       0.000000
   1132000.0       2264.0     303.842000       3.956875    2257.923120     306.667375  -21461.703125      10.351111     157.255606       2.047708  -21304.447519       8.572579  116071.444000       0.001953       2.960142       0.000000
   1133000.0       2266.0     304.124000       2.380963    1990.906980     358.588288  -21461.866406       9.549072     157.401252       1.233373  -21304.465154       8.569161  116071.444000       0.001953       2.960142       0.000000
   1134000.0       2268.0     302.978000       4.991919    2274.033940     239.534661  -21461.280859       9.669263     156.808003       2.583186  -21304.472856       8.560649  116071.444000       0.001953       2.960142       0.000000
   1135000.0       2270.0     303.248000       4.168057    2121.423700     227.705250  -21461.396094       9.785742     156.949073       2.157130  -21304.447021       8.569861  116071.444000       0.001953       2.960142       0.000000
   1136000.0       2272.0     303.532000       1.989134    1970.647120     318.393474  -21461.544531       9.470686     157.095298       1.028806  -21304.449233       8.575139  116071.444000       0.001953       2.960142       0.000000
   1137000.0       2274.0     304.040000       5.366861    1983.380940     359.960109  -21461.800000      11.024282     157.357238       2.778806  -21304.442762       8.581211  116071.444000       0.001953       2.960142       0.000000
   1138000.0       2276.0     300.722000       5.441461    2004.221200     389.715316  -21460.111328      10.802657     155.640588       2.814925  -21304.470740       8.566221  116071.444000       0.001953       2.960142       0.000000
   1139000.0       2278.0     302.352000       3.945932    2210.974140     568.535990  -21460.941016      10.374974     156.485178       2.042835  -21304.455838       8.568916  116071.444000       0.001953       2.960142       0.000000
   1140000.0       2280.0     301.452000       4.618426    1812.999100     472.665113  -21460.470313      10.637824     156.019423       2.390923  -21304.450890       8.585746  116071.444000       0.001953       2.960142       0.000000
   1141000.0       2282.0     303.082000       3.428092    2174.812160     245.203863  -21461.313281       9.259275     156.861237       1.774289  -21304.452044       8.559402  116071.444000       0.001953       2.960142       0.000000
   1142000.0       2284.0     302.818000       5.612498    1708.100160     522.367318  -21461.197656      10.590746     156.726917       2.903660  -21304.470740       8.569370  116071.444000       0.001953       2.960142       0.000000
   1143000.0       2286.0     302.580000       5.921267    2029.548580     144.145251  -21461.062891      11.366192     156.601623       3.063973  -21304.461268       8.562478  116071.444000       0.001953       2.960142       0.000000
   1144000.0       2288.0     305.408000       4.001612    2148.660740     179.969642  -21462.516406       9.576532     158.065657       2.070745  -21304.450749       8.562780  116071.444000       0.001953       2.960142       0.000000
   1145000.0       2290.0     303.318000       2.400662    2001.917560     217.719792  -21461.446484       9.728120     156.983636       1.242776  -21304.462848       8.562656  116071.444000       0.001953       2.960142       0.000000
   1146000.0       2292.0     302.108000       4.199783    1935.008640     493.070395  -21460.821094      10.373332     156.359183       2.174249  -21304.461911       8.569378  116071.444000       0.001953       2.960142       0.000000
   1147000.0       2294.0     301.614000       5.336649    2164.502000     301.753963  -21460.564844      10.578657     156.103029       2.762233  -21304.461815       8.544670  116071.444000       0.001953       2.960142       0.000000
   1148000.0       2296.0     301.770000       2.314260    2215.482200     161.295875  -21460.628515       9.330270     156.182865       1.198225  -21304.445650       8.569931  116071.444000       0.001953       2.960142       0.000000
   1149000.0       2298.0     303.816000       1.779130    2201.349340     435.652539  -21461.700000       8.867095     157.242023       0.921535  -21304.457977       8.566794  116071.444000       0.001953       2.960142       0.000000
   1150000.0       2300.0     303.166000       2.782550    2183.172540     496.622777  -21461.373047       9.664273     156.905328       1.440867  -21304.467719       8.560881  116071.444000       0.001953       2.960142       0.000000
   1151000.0       2302.0     303.496000       3.672387    1947.763020     235.731011  -21461.535937       9.874391     157.076444       1.900471  -21304.459494       8.568951  116071.444000       0.001953       2.960142       0.000000
   1152000.0       2304.0     303.994000       4.150164    2276.368980     196.755200  -21461.789062      10.417142     157.334407       2.148383  -21304.454656       8.565383  116071.444000       0.001953       2.960142       0.000000
   1153000.0       2306.0     303.810000       4.014598    2396.842820     335.687697  -21461.691406       9.805609     157.238492       2.077942  -21304.452914       8.564772  116071.444000       0.001953       2.960142       0.000000
   1154000.0       2308.0     302.310000       3.982246    1672.504920     144.102988  -21460.927734      10.085557     156.461856       2.060606  -21304.465878       8.561289  116071.444000       0.001953       2.960142       0.000000
   1155000.0       2310.0     302.976000       3.018812    1867.535380     405.841468  -21461.263281       8.546681     156.806148       1.562252  -21304.457134       8.566519  116071.444000       0.001953       2.960142       0.000000
   1156000.0       2312.0     302.468000       3.874570    1881.113800     273.085964  -21461.003906      10.220623     156.544845       2.004543  -21304.459061       8.556481  116071.444000       0.001953       2.960142       0.000000
   1157000.0       2314.0     304.836000       1.812022    2142.814920     365.191389  -21462.230078       8.523695     157.768480       0.938051  -21304.461598       8.572176  116071.444000       0.001953       2.960142       0.000000
   1158000.0       2316.0     302.036000       4.597967    2207.863860     225.743069  -21460.787891      10.261024     156.321152       2.379364  -21304.466739       8.547127  116071.444000       0.001953       2.960142       0.000000
   1159000.0       2318.0     301.520000       4.071756    1769.343420     569.999416  -21460.513281      10.117838     156.054954       2.107019  -21304.458327       8.540651  116071.444000       0.001953       2.960142       0.000000
   1160000.0       2320.0     302.416000       2.898307    2177.280960     547.373072  -21460.974609       9.783426     156.517176       1.500525  -21304.457433       8.550978  116071.444000       0.001953       2.960142       0.000000
   1161000.0       2322.0     303.862000       1.829879    2118.007080     146.647934  -21461.719531       8.993699     157.265792       0.945403  -21304.453740       8.574133  116071.444000       0.001953       2.960142       0.000000
   1162000.0       2324.0     303.066000       3.476933    2128.695960     453.763952  -21461.312109       9.821263     156.853598       1.799637  -21304.458512       8.572588  116071.444000       0.001953       2.960142       0.000000
   1163000.0       2326.0     303.014000       2.382886    2167.547780     237.106914  -21461.288281       9.744808     156.827204       1.233166  -21304.461077       8.557170  116071.444000       0.001953       2.960142       0.000000
   1164000.0       2328.0     303.926000       5.572284    2357.898880     344.018059  -21461.768359      10.820745     157.299419       2.883246  -21304.468941       8.572172  116071.444000       0.001953       2.960142       0.000000
   1165000.0       2330.0     301.576000       3.825821    2114.879700     511.798981  -21460.538672       9.989798     156.082097       1.980934  -21304.456575       8.562709  116071.444000       0.001953       2.960142       0.000000
   1166000.0       2332.0     301.742000       3.802496    2089.005760     721.828550  -21460.630860      10.079851     156.168314       1.967893  -21304.462545       8.571417  116071.444000       0.001953       2.960142       0.000000
   1167000.0       2334.0     303.140000       5.047641    2047.854240      88.387393  -21461.357031      10.813073     156.892173       2.612347  -21304.464858       8.566614  116071.444000       0.001953       2.960142       0.000000
   1168000.0       2336.0     305.232000       4.102016    1887.101540     239.604772  -21462.434766      10.302904     157.975049       2.122591  -21304.459716       8.560736  116071.444000       0.001953       2.960142       0.000000
   1169000.0       2338.0     303.130000       4.263299    2355.708940     576.456565  -21461.344531      10.556589     156.885852       2.206572  -21304.458679       8.582534  116071.444000       0.001953       2.960142       0.000000
   1170000.0       2340.0     304.956000       4.598794    2002.130400     211.091944  -21462.276172      10.133364     157.831497       2.379929  -21304.444675       8.578766  116071.444000       0.001953       2.960142       0.000000
   1171000.0       2342.0     301.914000       1.752057    2245.547840     300.660539  -21460.714453       8.718252     156.256862       0.906551  -21304.457591       8.565298  116071.444000       0.001953       2.960142       0.000000
   1172000.0       2344.0     301.666000       4.653109    2260.434140     463.309873  -21460.584766      10.221724     156.130301       2.408241  -21304.454465       8.571838  116071.444000       0.001953       2.960142       0.000000
   1173000.0       2346.0     303.954000       2.314533    2341.840320     348.371005  -21461.775000       9.525719     157.312927       1.196420  -21304.462073       8.574975  116071.444000       0.001953       2.960142       0.000000
   1174000.0       2348.0     303.816000       4.255023    2016.366660     425.498643  -21461.700000      10.608643     157.243255       2.201811  -21304.456745       8.559950  116071.444000       0.001953       2.960142       0.000000
   1175000.0       2350.0     300.428000       6.062776    2102.384680     286.815156  -21459.928125      10.261876     155.488513       3.136804  -21304.439612       8.569796  116071.444000       0.001953       2.960142       0.000000
   1176000.0       2352.0     302.778000       2.143160    2031.478980     346.120038  -21461.155860       8.739954     156.704668       1.109335  -21304.451191       8.548699  116071.444000       0.001953       2.960142       0.000000
   1177000.0       2354.0     303.022000       4.880391    2107.080760     560.369321  -21461.291797      10.492630     156.832109       2.525357  -21304.459688       8.561920  116071.444000       0.001953       2.960142       0.000000
   1178000.0       2356.0     302.142000       2.700677    2202.565800     423.642549  -21460.849219       8.854752     156.374845       1.396948  -21304.474373       8.561487  116071.444000       0.001953       2.960142       0.000000
   1179000.0       2358.0     302.312000       3.133186    2083.742200     409.179858  -21460.927344       9.966411     156.462568       1.621231  -21304.464775       8.561981  116071.444000       0.001953       2.960142       0.000000
   1180000.0       2360.0     299.540000       1.177913    1994.471440     507.745719  -21459.489453       8.300776     155.029658       0.609930  -21304.459795       8.558708  116071.444000       0.001953       2.960142       0.000000
   1181000.0       2362.0     304.656000       6.736105    2106.581120     205.831773  -21462.138672      10.996534     157.676951       3.486351  -21304.461721       8.558278  116071.444000       0.001953       2.960142       0.000000
   1182000.0       2364.0     303.418000       3.909074    2386.862460     159.343088  -21461.506641       9.575389     157.035915       2.022161  -21304.470726       8.561943  116071.444000       0.001953       2.960142       0.000000
   1183000.0       2366.0     302.860000       4.284236    1921.786580     103.305067  -21461.210938      10.367223     156.747500       2.217682  -21304.463437       8.581336  116071.444000       0.001953       2.960142       0.000000
   1184000.0       2368.0     304.446000       4.994387    1872.212180     488.347405  -21462.019922      11.011927     157.567875       2.584006  -21304.452047       8.555606  116071.444000       0.001953       2.960142       0.000000
   1185000.0       2370.0     302.446000       1.929897    2083.973140     477.514902  -21460.983203       9.212039     156.532411       0.998550  -21304.450792       8.550697  116071.444000       0.001953       2.960142       0.000000
   1186000.0       2372.0     303.336000       2.613653    2089.138940     386.247899  -21461.455859       9.514853     156.993850       1.352875  -21304.462009       8.561532  116071.444000       0.001953       2.960142       0.000000
   1187000.0       2374.0     303.036000       4.050598    1954.574760     201.114152  -21461.281250      10.517996     156.839490       2.097254  -21304.441760       8.567665  116071.444000       0.001953       2.960142       0.000000
   1188000.0       2376.0     302.948000       3.650816    2009.570960     279.421199  -21461.256641       9.625587     156.792887       1.890166  -21304.463753       8.554320  116071.444000       0.001953       2.960142       0.000000
   1189000.0       2378.0     302.918000       3.637232    2314.994040     373.105202  -21461.252734      10.091442     156.777744       1.882419  -21304.474990       8.557976  116071.444000       0.001953       2.960142       0.000000
   1190000.0       2380.0     302.602000       3.936066    1888.683340     391.012448  -21461.069531       8.639581     156.613322       2.036947  -21304.456210       8.549430  116071.444000       0.001953       2.960142       0.000000
   1191000.0       2382.0     302.410000       2.865477    2464.361100     385.093756  -21460.977344       9.350762     156.514230       1.484269  -21304.463113       8.559659  116071.444000       0.001953       2.960142       0.000000
   1192000.0       2384.0     303.324000       3.510844    1798.170540     185.465125  -21461.445703       9.457522     156.987502       1.817765  -21304.458201       8.577200  116071.444000       0.001953       2.960142       0.000000
   1193000.0       2386.0     302.430000       1.464077    1733.170520     290.210765  -21460.974609       8.977744     156.525458       0.758399  -21304.449151       8.574858  116071.444000       0.001953       2.960142       0.000000
   1194000.0       2388.0     300.922000       4.515810    1944.591260     170.048074  -21460.183594      10.645920     155.743739       2.337630  -21304.439854       8.561661  116071.444000       0.001953       2.960142       0.000000
   1195000.0       2390.0     301.926000       3.166661    2111.176740     430.751133  -21460.721094       9.555829     156.264710       1.639807  -21304.456383       8.572642  116071.444000       0.001953       2.960142       0.000000
   1196000.0       2392.0     303.722000       4.325845    2215.238880     590.802884  -21461.650391       9.840646     157.193428       2.238688  -21304.456963       8.574001  116071.444000       0.001953       2.960142       0.000000
   1197000.0       2394.0     302.386000       5.677808    1911.857380     414.808586  -21460.967578      11.416476     156.502352       2.939308  -21304.465226       8.572754  116071.444000       0.001953       2.960142       0.000000
   1198000.0       2396.0     304.028000       5.018834    2058.499420     193.498938  -21461.805469       9.635322     157.351281       2.598570  -21304.454187       8.567388  116071.444000       0.001953       2.960142       0.000000
   1199000.0       2398.0     304.734000       2.427151    2500.702680     457.944103  -21462.193359       9.055166     157.717047       1.255785  -21304.476312       8.552452  116071.444000       0.001953       2.960142       0.000000
   1200000.0       2400.0     303.508000       2.726297    2054.092140     586.685686  -21461.544141       9.398224     157.082598       1.410722  -21304.461542       8.566950  116071.444000       0.001953       2.960142       0.000000
   1201000.0       2402.0     303.368000       4.791110    2182.476040     416.491892  -21461.479688       9.907122     157.010967       2.478676  -21304.468721       8.574252  116071.444000       0.001953       2.960142       0.000000
   1202000.0       2404.0     300.894000       4.313980    2283.365540     354.485379  -21460.179297      10.552088     155.730085       2.231897  -21304.449212       8.548500  116071.444000       0.001953       2.960142       0.000000
   1203000.0       2406.0     300.496000       3.307256    2160.566160     436.562874  -21459.965234       9.683806     155.523793       1.712773  -21304.441441       8.566739  116071.444000       0.001953       2.960142       0.000000
   1204000.0       2408.0     303.632000       3.929211    2106.628500     416.910628  -21461.618359      10.177675     157.147691       2.033889  -21304.470668       8.566198  116071.444000       0.001953       2.960142       0.000000
   1205000.0       2410.0     302.594000       3.895020    1690.519960     513.693765  -21461.055469       9.822074     156.609365       2.015366  -21304.446103       8.568080  116071.444000       0.001953       2.960142       0.000000
   1206000.0       2412.0     302.826000       2.225916    2253.318280     437.962369  -21461.176563       8.950427     156.730235       1.152712  -21304.446327       8.570184  116071.444000       0.001953       2.960142       0.000000
   1207000.0       2414.0     301.562000       1.345799    2309.079800     299.280275  -21460.534765       9.165717     156.076403       0.696938  -21304.458363       8.570175  116071.444000       0.001953       2.960142       0.000000
   1208000.0       2416.0     303.304000       3.720374    2174.971820     333.774707  -21461.433203      10.128771     156.977577       1.925144  -21304.455626       8.554554  116071.444000       0.001953       2.960142       0.000000
   1209000.0       2418.0     303.824000       5.251017    1964.337560     257.072872  -21461.696094       9.956952     157.245962       2.717336  -21304.450132       8.574899  116071.444000       0.001953       2.960142       0.000000
   1210000.0       2420.0     301.434000       2.675747    1977.219280     351.109835  -21460.466016       9.680022     156.008907       1.386113  -21304.457108       8.541235  116071.444000       0.001953       2.960142       0.000000
   1211000.0       2422.0     300.642000       4.117875    2126.557580     357.750083  -21460.045312       9.095598     155.598267       2.131485  -21304.447046       8.547193  116071.444000       0.001953       2.960142       0.000000
   1212000.0       2424.0     302.084000       3.594894    2145.640960     259.576883  -21460.800000      10.411862     156.346455       1.860543  -21304.453545       8.568311  116071.444000       0.001953       2.960142       0.000000
   1213000.0       2426.0     303.014000       2.328790    1878.651780     435.430502  -21461.284375       9.160274     156.827418       1.207016  -21304.456957       8.569148  116071.444000       0.001953       2.960142       0.000000
   1214000.0       2428.0     302.744000       2.140062    1881.843440     302.638283  -21461.153906       9.632923     156.686243       1.107363  -21304.467663       8.569435  116071.444000       0.001953       2.960142       0.000000
   1215000.0       2430.0     302.284000       3.099926    2397.488300     154.204038  -21460.916406       9.044334     156.449466       1.603648  -21304.466940       8.573132  116071.444000       0.001953       2.960142       0.000000
   1216000.0       2432.0     303.600000       5.116815    2136.405080     387.653687  -21461.593359      10.452583     157.129420       2.648417  -21304.463940       8.558509  116071.444000       0.001953       2.960142       0.000000
   1217000.0       2434.0     303.836000       4.438196    2239.123940     503.311469  -21461.706250      10.025369     157.251176       2.297361  -21304.455074       8.551834  116071.444000       0.001953       2.960142       0.000000
   1218000.0       2436.0     303.064000       1.991960    1998.597940     438.318172  -21461.307813       9.357205     156.852725       1.031623  -21304.455087       8.559328  116071.444000       0.001953       2.960142       0.000000
   1219000.0       2438.0     301.086000       5.188667    1968.619160     235.405449  -21460.280078      10.695073     155.829400       2.686432  -21304.450678       8.558721  116071.444000       0.001953       2.960142       0.000000
   1220000.0       2440.0     305.312000       3.820133    1989.039400     540.133318  -21462.489062       9.879336     158.016053       1.977412  -21304.473009       8.576439  116071.444000       0.001953       2.960142       0.000000
   1221000.0       2442.0     300.688000       4.209876    2303.967300     355.855877  -21460.075781      10.717194     155.621014       2.178936  -21304.454767       8.554677  116071.444000       0.001953       2.960142       0.000000
   1222000.0       2444.0     303.072000       5.686385    1880.782820     595.142822  -21461.337109      10.115857     156.857042       2.942305  -21304.480067       8.591756  116071.444000       0.001953       2.960142       0.000000
   1223000.0       2446.0     302.092000       4.307962    2161.069720     132.586731  -21460.789453      10.242325     156.350052       2.229709  -21304.439401       8.572962  116071.444000       0.001953       2.960142       0.000000
   1224000.0       2448.0     301.336000       3.799245    1811.082360     199.049819  -21460.428516      10.359196     155.958016       1.964906  -21304.470500       8.567301  116071.444000       0.001953       2.960142       0.000000
   1225000.0       2450.0     302.528000       5.804400    2304.114020     468.704164  -21461.033203       9.875746     156.574135       3.004099  -21304.459068       8.550655  116071.444000       0.001953       2.960142       0.000000
   1226000.0       2452.0     302.084000       4.211297    1982.755340     456.680336  -21460.794141       9.919548     156.344557       2.179300  -21304.449583       8.556809  116071.444000       0.001953       2.960142       0.000000
   1227000.0       2454.0     302.828000       3.793860    1663.874580     165.303835  -21461.174609      10.062385     156.730436       1.964069  -21304.444173       8.556641  116071.444000       0.001953       2.960142       0.000000
   1228000.0       2456.0     301.622000       4.003371    2006.487820     156.053359  -21460.546485      10.406049     156.106255       2.071968  -21304.440230       8.556842  116071.444000       0.001953       2.960142       0.000000
   1229000.0       2458.0     303.920000       3.299170    2297.961160     424.771266  -21461.757031       9.397869     157.295110       1.707903  -21304.461921       8.551769  116071.444000       0.001953       2.960142       0.000000
   1230000.0       2460.0     304.878000       3.937514    1912.007440     220.853443  -21462.251562      10.174884     157.791781       2.038687  -21304.459781       8.555829  116071.444000       0.001953       2.960142       0.000000
   1231000.0       2462.0     302.570000       4.428666    1765.447200     668.018567  -21461.078125       9.757498     156.597395       2.292271  -21304.480730       8.539743  116071.444000       0.001953       2.960142       0.000000
   1232000.0       2464.0     302.610000       4.271183    1651.255460     239.205108  -21461.085547       9.690847     156.616842       2.209722  -21304.468705       8.556286  116071.444000       0.001953       2.960142       0.000000
   1233000.0       2466.0     303.892000       5.272955    2193.165920     226.207404  -21461.750391      11.002432     157.282280       2.730474  -21304.468110       8.557622  116071.444000       0.001953       2.960142       0.000000
   1234000.0       2468.0     302.214000       2.547788    2425.296820     325.995477  -21460.868750       8.208249     156.412188       1.318263  -21304.456562       8.565360  116071.444000       0.001953       2.960142       0.000000
   1235000.0       2470.0     302.580000       5.890986    1823.531240     419.977233  -21461.062500      11.237576     156.600393       3.049156  -21304.462107       8.555513  116071.444000       0.001953       2.960142       0.000000
   1236000.0       2472.0     302.370000       4.114487    2226.635040     139.282569  -21460.957031       9.291851     156.494304       2.128505  -21304.462728       8.562812  116071.444000       0.001953       2.960142       0.000000
   1237000.0       2474.0     304.060000       2.424681    2146.214760     240.824928  -21461.836328       9.609402     157.367942       1.255288  -21304.468386       8.554487  116071.444000       0.001953       2.960142       0.000000
   1238000.0       2476.0     304.572000       5.448429    2236.160680     449.808750  -21462.103906      11.119260     157.633091       2.820277  -21304.470816       8.571805  116071.444000       0.001953       2.960142       0.000000
   1239000.0       2478.0     303.156000       5.171961    1793.965360     402.126999  -21461.349219      10.929224     156.900774       2.675856  -21304.448445       8.562918  116071.444000       0.001953       2.960142       0.000000
   1240000.0       2480.0     304.658000       5.297137    2176.169820     437.480511  -21462.129297      10.747672     157.678495       2.742570  -21304.450802       8.565177  116071.444000       0.001953       2.960142       0.000000
   1241000.0       2482.0     301.740000       3.614748    2163.351160     364.611436  -21460.625000      10.197022     156.167530       1.871774  -21304.457470       8.573823  116071.444000       0.001953       2.960142       0.000000
   1242000.0       2484.0     302.490000       5.914903    2064.512200     287.906148  -21460.997656      10.893036     156.556467       3.061562  -21304.441189       8.562554  116071.444000       0.001953       2.960142       0.000000
   1243000.0       2486.0     302.492000       4.260462    2061.611000     326.930470  -21461.016406      10.378907     156.556989       2.204715  -21304.459417       8.560730  116071.444000       0.001953       2.960142       0.000000
   1244000.0       2488.0     302.328000       3.531263    2092.939020     345.480266  -21460.944141       9.870161     156.471257       1.829387  -21304.472883       8.552860  116071.444000       0.001953       2.960142       0.000000
   1245000.0       2490.0     302.430000       4.383934    2030.817280     134.887454  -21461.001953      10.817503     156.523882       2.269363  -21304.478071       8.568350  116071.444000       0.001953       2.960142       0.000000
   1246000.0       2492.0     301.398000       3.387355    2016.836020     611.811544  -21460.441406       9.247682     155.989903       1.753134  -21304.451503       8.551777  116071.444000       0.001953       2.960142       0.000000
   1247000.0       2494.0     301.872000       3.006170    2095.714520     329.179025  -21460.702734       9.874881     156.236634       1.555299  -21304.466100       8.569611  116071.444000       0.001953       2.960142       0.000000
   1248000.0       2496.0     303.510000       2.937945    2301.061260     656.060612  -21461.544140       9.583126     157.083550       1.520201  -21304.460591       8.573097  116071.444000       0.001953       2.960142       0.000000
   1249000.0       2498.0     302.820000       5.770362    1961.080180     390.292364  -21461.218750      10.772479     156.727223       2.986421  -21304.491528       8.569982  116071.444000       0.001953       2.960142       0.000000
   1250000.0       2500.0     302.710000       3.740112    1923.978480     249.587302  -21461.129687      10.011416     156.670377       1.935812  -21304.459310       8.578313  116071.444000       0.001953       2.960142       0.000000
   1251000.0       2502.0     306.512000       3.875499    1927.076260     424.300936  -21463.105859      10.230313     158.637722       2.006636  -21304.468137       8.574775  116071.444000       0.001953       2.960142       0.000000
   1252000.0       2504.0     302.420000       2.838126    1940.675500     371.753085  -21460.975781       9.832747     156.520298       1.468479  -21304.455483       8.580600  116071.444000       0.001953       2.960142       0.000000
   1253000.0       2506.0     304.320000       5.619537    2153.140700     354.380531  -21461.971094      11.274441     157.504396       2.908244  -21304.466698       8.562000  116071.444000       0.001953       2.960142       0.000000
   1254000.0       2508.0     301.888000       2.874414    2332.299960     449.332169  -21460.687500       9.264251     156.244893       1.487876  -21304.442607       8.564658  116071.444000       0.001953       2.960142       0.000000
   1255000.0       2510.0     302.746000       4.199355    1856.197160     252.517375  -21461.152734       9.782187     156.688647       2.173504  -21304.464088       8.557818  116071.444000       0.001953       2.960142       0.000000
   1256000.0       2512.0     302.520000       3.543941    2372.343420     252.795996  -21461.035156       9.441788     156.570903       1.834804  -21304.464253       8.566948  116071.444000       0.001953       2.960142       0.000000
   1257000.0       2514.0     302.162000       3.314250    2170.528040     351.933356  -21460.851562       9.534468     156.387228       1.715615  -21304.464335       8.553777  116071.444000       0.001953       2.960142       0.000000
   1258000.0       2516.0     302.570000       4.284764    1889.342300     459.910435  -21461.046875       9.855313     156.598109       2.217034  -21304.448766       8.560333  116071.444000       0.001953       2.960142       0.000000
   1259000.0       2518.0     301.148000       3.078814    1852.964540     390.015206  -21460.307422       9.700619     155.860548       1.593833  -21304.446874       8.547457  116071.444000       0.001953       2.960142       0.000000
   1260000.0       2520.0     301.584000       5.539276    1897.921640     413.765016  -21460.539844      10.314824     156.086166       2.868036  -21304.453678       8.570419  116071.444000       0.001953       2.960142       0.000000
   1261000.0       2522.0     303.946000       4.851291    2037.256260     336.644047  -21461.779297      10.342988     157.308580       2.512348  -21304.470716       8.570835  116071.444000       0.001953       2.960142       0.000000
   1262000.0       2524.0     300.768000       3.198458    2307.538300     407.012400  -21460.117188       9.301227     155.664352       1.654393  -21304.452836       8.562941  116071.444000       0.001953       2.960142       0.000000
   1263000.0       2526.0     301.448000       4.272299    1989.505900     406.815358  -21460.472266      10.378570     156.017392       2.211089  -21304.454874       8.576304  116071.444000       0.001953       2.960142       0.000000
   1264000.0       2528.0     304.210000       2.386160    2471.335520     469.464946  -21461.901953       9.285230     157.445869       1.235526  -21304.456084       8.570963  116071.444000       0.001953       2.960142       0.000000
   1265000.0       2530.0     303.232000       5.089658    2045.285440     371.052806  -21461.405078       9.898947     156.939382       2.633622  -21304.465696       8.548107  116071.444000       0.001953       2.960142       0.000000
   1266000.0       2532.0     302.646000       3.566251    2090.956400     495.556230  -21461.097656      10.246172     156.635263       1.845817  -21304.462394       8.566568  116071.444000       0.001953       2.960142       0.000000
   1267000.0       2534.0     305.470000       2.962506    2194.040120     567.488494  -21462.555469       9.648539     158.097569       1.533027  -21304.457900       8.566164  116071.444000       0.001953       2.960142       0.000000
   1268000.0       2536.0     302.960000       4.060448    2241.197400     144.016407  -21461.251172       9.673606     156.799932       2.100938  -21304.451240       8.569388  116071.444000       0.001953       2.960142       0.000000
   1269000.0       2538.0     300.902000       4.647070    2271.425660     519.121768  -21460.192578      10.587670     155.733052       2.405774  -21304.459526       8.567242  116071.444000       0.001953       2.960142       0.000000
   1270000.0       2540.0     302.834000       3.257242    1995.716620     168.946844  -21461.197656      10.085429     156.734248       1.685703  -21304.463408       8.552733  116071.444000       0.001953       2.960142       0.000000
   1271000.0       2542.0     302.562000       6.049461    2368.420160     598.360157  -21461.049609      10.792597     156.594044       3.130496  -21304.455566       8.563937  116071.444000       0.001953       2.960142       0.000000
   1272000.0       2544.0     303.988000       2.625768    1969.758520     336.074309  -21461.780078       9.040428     157.330984       1.359987  -21304.449094       8.566523  116071.444000       0.001953       2.960142       0.000000
   1273000.0       2546.0     302.928000       3.411999    2363.776760      89.183981  -21461.233594       9.438110     156.783082       1.766825  -21304.450512       8.565112  116071.444000       0.001953       2.960142       0.000000
   1274000.0       2548.0     304.006000       4.245184    2314.503200     414.863843  -21461.814453       8.995171     157.340029       2.195940  -21304.474424       8.567733  116071.444000       0.001953       2.960142       0.000000
   1275000.0       2550.0     302.870000       4.857378    2235.535420     501.654116  -21461.212500       8.899584     156.752255       2.514894  -21304.460245       8.545520  116071.444000       0.001953       2.960142       0.000000
   1276000.0       2552.0     301.596000       4.062145    1506.658700     680.759315  -21460.548828       9.749744     156.092981       2.103728  -21304.455847       8.576162  116071.444000       0.001953       2.960142       0.000000
   1277000.0       2554.0     303.492000       3.629008    2169.480840     336.991655  -21461.539063      10.317205     157.073604       1.878655  -21304.465459       8.581732  116071.444000       0.001953       2.960142       0.000000
   1278000.0       2556.0     305.522000       4.588758    2012.316800     260.898637  -21462.581250      10.096825     158.124275       2.374405  -21304.456976       8.559917  116071.444000       0.001953       2.960142       0.000000
   1279000.0       2558.0     302.480000       2.803705    2592.981940     239.417390  -21461.008594       9.597983     156.550555       1.450198  -21304.458039       8.567674  116071.444000       0.001953       2.960142       0.000000
   1280000.0       2560.0     301.240000       4.507052    2178.722220     147.347446  -21460.348828       9.785003     155.907484       2.332069  -21304.441344       8.566609  116071.444000       0.001953       2.960142       0.000000
   1281000.0       2562.0     303.592000       4.908631    1886.268840     309.081911  -21461.589453      10.351730     157.125391       2.540177  -21304.464062       8.570897  116071.444000       0.001953       2.960142       0.000000
   1282000.0       2564.0     303.596000       2.936982    2167.602140     508.105366  -21461.594141       9.228864     157.127926       1.518620  -21304.466214       8.553992  116071.444000       0.001953       2.960142       0.000000
   1283000.0       2566.0     305.270000       3.433733    1971.709620     265.611406  -21462.470703       9.374045     157.995148       1.777207  -21304.475555       8.566541  116071.444000       0.001953       2.960142       0.000000
   1284000.0       2568.0     304.232000       1.870502    1979.500820     246.672132  -21461.919141       9.194803     157.457709       0.968141  -21304.461432       8.579419  116071.444000       0.001953       2.960142       0.000000
   1285000.0       2570.0     302.666000       3.800403    1965.597360     133.992478  -21461.109375      10.349833     156.646111       1.966831  -21304.463264       8.562105  116071.444000       0.001953       2.960142       0.000000
   1286000.0       2572.0     303.624000       4.763039    2142.173800     200.829591  -21461.598047       9.921366     157.142451       2.466540  -21304.455595       8.565286  116071.444000       0.001953       2.960142       0.000000
   1287000.0       2574.0     304.268000       4.419943    2140.742480     207.880693  -21461.922266      10.083938     157.477041       2.287984  -21304.445224       8.563185  116071.444000       0.001953       2.960142       0.000000
   1288000.0       2576.0     302.316000       4.159791    1899.112780     269.673130  -21460.930078       9.770612     156.465990       2.153770  -21304.464088       8.573305  116071.444000       0.001953       2.960142       0.000000
   1289000.0       2578.0     303.954000       4.207758    2571.085160     282.063788  -21461.775390      10.543374     157.313686       2.177972  -21304.461704       8.572528  116071.444000       0.001953       2.960142       0.000000
   1290000.0       2580.0     303.734000       3.785227    2188.650880     190.762759  -21461.647266       9.612838     157.199886       1.959582  -21304.447379       8.552695  116071.444000       0.001953       2.960142       0.000000
   1291000.0       2582.0     303.104000       5.343481    1915.937520     671.300648  -21461.305469      10.473424     156.873602       2.766180  -21304.431866       8.550828  116071.444000       0.001953       2.960142       0.000000
   1292000.0       2584.0     302.782000       4.526780    2017.900480     414.841646  -21461.158594       9.477038     156.706808       2.342639  -21304.451786       8.563010  116071.444000       0.001953       2.960142       0.000000
   1293000.0       2586.0     304.128000       7.304183    2218.759000     349.258871  -21461.883594      11.472855     157.404899       3.780187  -21304.478695       8.574199  116071.444000       0.001953       2.960142       0.000000
   1294000.0       2588.0     302.758000       2.688609    1997.348300     358.401348  -21461.150391       9.633447     156.693572       1.391440  -21304.456819       8.581995  116071.444000       0.001953       2.960142       0.000000
   1295000.0       2590.0     302.852000       4.760111    2217.010860     356.153404  -21461.213672       9.664336     156.743108       2.463153  -21304.470564       8.566642  116071.444000       0.001953       2.960142       0.000000
   1296000.0       2592.0     302.802000       3.228377    1988.177520     491.587933  -21461.171094       9.422350     156.718055       1.671194  -21304.453039       8.566565  116071.444000       0.001953       2.960142       0.000000
   1297000.0       2594.0     305.454000       4.347517    2384.650500     329.140729  -21462.575391      10.598952     158.089357       2.250287  -21304.486034       8.565478  116071.444000       0.001953       2.960142       0.000000
   1298000.0       2596.0     302.442000       3.391586    2203.560140     590.701530  -21460.993750       9.942884     156.530712       1.755006  -21304.463038       8.554863  116071.444000       0.001953       2.960142       0.000000
   1299000.0       2598.0     303.438000       2.665996    2227.866460     522.642289  -21461.492578       9.352852     157.044854       1.380085  -21304.447724       8.554462  116071.444000       0.001953       2.960142       0.000000
   1300000.0       2600.0     303.784000       4.411633    2131.528600     631.578881  -21461.670313       9.891327     157.226524       2.282436  -21304.443788       8.562562  116071.444000       0.001953       2.960142       0.000000
   1301000.0       2602.0     303.738000       4.984606    2333.305960     208.438444  -21461.664844      10.545645     157.200430       2.580187  -21304.464414       8.566136  116071.444000       0.001953       2.960142       0.000000
   1302000.0       2604.0     304.208000       5.992200    2369.528820     146.828523  -21461.913281      10.929400     157.445272       3.100112  -21304.468009       8.554376  116071.444000       0.001953       2.960142       0.000000
   1303000.0       2606.0     301.590000       3.159563    2175.552200     216.247139  -21460.538672       9.932485     156.089342       1.635025  -21304.449330       8.571436  116071.444000       0.001953       2.960142       0.000000
   1304000.0       2608.0     304.714000       2.706914    2444.568800     555.965390  -21462.165625       9.339870     157.706768       1.400200  -21304.458857       8.553958  116071.444000       0.001953       2.960142       0.000000
   1305000.0       2610.0     303.118000       3.747807    2283.857020     436.144939  -21461.335937       9.334628     156.880818       1.939127  -21304.455120       8.557968  116071.444000       0.001953       2.960142       0.000000
   1306000.0       2612.0     306.446000       4.246696    2305.735400     163.341580  -21463.061719      10.497728     158.603138       2.197804  -21304.458581       8.556534  116071.444000       0.001953       2.960142       0.000000
   1307000.0       2614.0     305.418000       4.818636    2055.158580     290.854093  -21462.512109      10.756417     158.070933       2.494320  -21304.441176       8.571929  116071.444000       0.001953       2.960142       0.000000
   1308000.0       2616.0     302.910000       4.524949    2112.803480     516.902230  -21461.228516       9.513468     156.774180       2.342308  -21304.454336       8.570012  116071.444000       0.001953       2.960142       0.000000
   1309000.0       2618.0     304.100000       2.974828    2068.833420     280.769465  -21461.860156       9.751068     157.389220       1.539621  -21304.470937       8.542232  116071.444000       0.001953       2.960142       0.000000
   1310000.0       2620.0     303.458000       2.871121    2140.344360     449.857171  -21461.510547       9.382590     157.057380       1.484502  -21304.453167       8.570887  116071.444000       0.001953       2.960142       0.000000
   1311000.0       2622.0     305.014000       3.183247    2118.511400     386.668633  -21462.320313       9.416796     157.862361       1.648542  -21304.457952       8.543825  116071.444000       0.001953       2.960142       0.000000
   1312000.0       2624.0     301.796000       3.730483    1900.799320     245.042897  -21460.642969       9.857250     156.196054       1.931147  -21304.446915       8.582016  116071.444000       0.001953       2.960142       0.000000
   1313000.0       2626.0     304.374000       5.552965    1893.263760     388.862517  -21461.980078      10.669633     157.532205       2.873013  -21304.447873       8.564468  116071.444000       0.001953       2.960142       0.000000
   1314000.0       2628.0     302.798000       2.911325    2264.822620     193.617277  -21461.169531       9.060080     156.714176       1.507599  -21304.455355       8.536166  116071.444000       0.001953       2.960142       0.000000
   1315000.0       2630.0     304.340000       2.001649    2207.612620     476.597380  -21461.968360       9.075286     157.512896       1.035738  -21304.455464       8.564034  116071.444000       0.001953       2.960142       0.000000
   1316000.0       2632.0     302.272000       4.757282    2125.368620     107.683935  -21460.883594      10.565634     156.444358       2.462475  -21304.439236       8.571678  116071.444000       0.001953       2.960142       0.000000
   1317000.0       2634.0     302.462000       3.020102    1776.471100     518.788528  -21460.998828       9.952898     156.541967       1.562924  -21304.456861       8.562378  116071.444000       0.001953       2.960142       0.000000
   1318000.0       2636.0     304.528000       4.238709    2389.096680     589.060903  -21462.069922      10.087987     157.609677       2.194723  -21304.460245       8.567706  116071.444000       0.001953       2.960142       0.000000
   1319000.0       2638.0     304.560000       5.195471    2240.132000     341.850968  -21462.090625       9.731390     157.627202       2.688761  -21304.463423       8.544074  116071.444000       0.001953       2.960142       0.000000
   1320000.0       2640.0     304.946000       3.895652    2009.534020     262.687642  -21462.282422      10.126269     157.826952       2.016042  -21304.455470       8.561261  116071.444000       0.001953       2.960142       0.000000
   1321000.0       2642.0     304.060000       3.632217    2256.985380     278.709019  -21461.821094       7.940208     157.368801       1.880023  -21304.452293       8.562738  116071.444000       0.001953       2.960142       0.000000
   1322000.0       2644.0     303.540000       3.450612    2289.670740     214.449057  -21461.557813       9.497488     157.098226       1.786560  -21304.459587       8.565853  116071.444000       0.001953       2.960142       0.000000
   1323000.0       2646.0     303.160000       2.857460    2575.712160     201.300844  -21461.351562       9.091209     156.902476       1.478779  -21304.449087       8.554349  116071.444000       0.001953       2.960142       0.000000
   1324000.0       2648.0     303.758000       1.415647    1885.626200     405.422097  -21461.677344       9.144679     157.210943       0.732890  -21304.466401       8.567860  116071.444000       0.001953       2.960142       0.000000
   1325000.0       2650.0     305.406000       7.151091    2294.138640     450.575836  -21462.519531      11.396377     158.064904       3.701052  -21304.454627       8.565721  116071.444000       0.001953       2.960142       0.000000
   1326000.0       2652.0     304.034000       3.619407    2572.075540     238.714296  -21461.833594       9.718937     157.355187       1.872629  -21304.478407       8.558147  116071.444000       0.001953       2.960142       0.000000
   1327000.0       2654.0     303.762000       5.348699    2411.811540     441.052383  -21461.673828      10.627579     157.213922       2.768718  -21304.459906       8.567251  116071.444000       0.001953       2.960142       0.000000
   1328000.0       2656.0     304.780000       4.599778    2407.006280     530.839136  -21462.201953      10.389829     157.741327       2.381329  -21304.460626       8.576133  116071.444000       0.001953       2.960142       0.000000
   1329000.0       2658.0     304.212000       2.581979    2332.168120     365.807095  -21461.916016       9.638362     157.446602       1.336409  -21304.469414       8.563447  116071.444000       0.001953       2.960142       0.000000
   1330000.0       2660.0     304.222000       4.329020    1997.524440     592.309931  -21461.916015      10.109747     157.451403       2.239609  -21304.464613       8.561504  116071.444000       0.001953       2.960142       0.000000
   1331000.0       2662.0     304.022000       4.897017    1827.179480     472.900129  -21461.820312      10.252092     157.347908       2.534593  -21304.472404       8.570290  116071.444000       0.001953       2.960142       0.000000
   1332000.0       2664.0     304.016000       4.112073    2158.963920     254.141068  -21461.798438      10.443522     157.345090       2.127110  -21304.453347       8.555947  116071.444000       0.001953       2.960142       0.000000
   1333000.0       2666.0     302.660000       4.017248    2397.072500     350.334308  -21461.101172      10.345104     156.644334       2.078612  -21304.456838       8.563172  116071.444000       0.001953       2.960142       0.000000
   1334000.0       2668.0     301.640000       2.891277    2231.174300     443.640865  -21460.568359       9.363785     156.116127       1.497097  -21304.452232       8.558749  116071.444000       0.001953       2.960142       0.000000
   1335000.0       2670.0     304.934000       3.698635    1996.911400     423.727679  -21462.271875      10.287559     157.820409       1.913955  -21304.451466       8.566081  116071.444000       0.001953       2.960142       0.000000
   1336000.0       2672.0     302.690000       1.729682    2595.624000     708.189672  -21461.133203       9.319527     156.657638       0.895674  -21304.475565       8.568756  116071.444000       0.001953       2.960142       0.000000
   1337000.0       2674.0     304.656000       3.033530    1987.837480     439.945567  -21462.146094       9.685238     157.676306       1.569474  -21304.469787       8.569823  116071.444000       0.001953       2.960142       0.000000
   1338000.0       2676.0     302.772000       4.132106    2278.172320     211.951862  -21461.163672      10.423166     156.701038       2.139449  -21304.462634       8.580035  116071.444000       0.001953       2.960142       0.000000
   1339000.0       2678.0     304.950000       4.046831    2008.681820     383.101978  -21462.282031      10.588150     157.829688       2.093906  -21304.452343       8.571939  116071.444000       0.001953       2.960142       0.000000
   1340000.0       2680.0     302.826000       1.205680    1975.760440     254.937772  -21461.190625       8.781337     156.729772       0.624830  -21304.460853       8.558730  116071.444000       0.001953       2.960142       0.000000
   1341000.0       2682.0     304.762000       5.522208    2395.130900     319.584037  -21462.195703      10.984510     157.731483       2.858685  -21304.464220       8.556147  116071.444000       0.001953       2.960142       0.000000
   1342000.0       2684.0     304.652000       3.181970    2222.754000     276.211870  -21462.161328       9.549841     157.675149       1.645830  -21304.486179       8.546661  116071.444000       0.001953       2.960142       0.000000
   1343000.0       2686.0     303.142000       5.825044    2459.590540     388.840833  -21461.343750      10.874517     156.893182       3.014865  -21304.450568       8.586623  116071.444000       0.001953       2.960142       0.000000
   1344000.0       2688.0     303.918000       3.239064    2273.239980     318.514985  -21461.756250       9.719782     157.294152       1.676444  -21304.462098       8.564490  116071.444000       0.001953       2.960142       0.000000
   1345000.0       2690.0     302.754000       5.598316    2108.759060     294.221806  -21461.155469      10.697712     156.692418       2.897693  -21304.463051       8.576306  116071.444000       0.001953       2.960142       0.000000
   1346000.0       2692.0     303.260000       5.229111    2124.929680     294.505984  -21461.402734      10.960790     156.954581       2.705853  -21304.448154       8.569865  116071.444000       0.001953       2.960142       0.000000
   1347000.0       2694.0     306.098000       4.058849    2059.091740     379.286163  -21462.874609       9.828086     158.423573       2.100009  -21304.451036       8.574111  116071.444000       0.001953       2.960142       0.000000
   1348000.0       2696.0     302.728000       2.369172    2229.516800     463.482213  -21461.143750       8.876725     156.679416       1.226808  -21304.464334       8.554808  116071.444000       0.001953       2.960142       0.000000
   1349000.0       2698.0     302.906000       5.820627    2107.974580     188.150102  -21461.221485      11.330383     156.771440       3.012374  -21304.450044       8.563091  116071.444000       0.001953       2.960142       0.000000
   1350000.0       2700.0     303.668000       3.638326    2093.883300     339.499929  -21461.617969       9.939929     157.164918       1.883960  -21304.453051       8.560154  116071.444000       0.001953       2.960142       0.000000
   1351000.0       2702.0     302.048000       4.686847    2154.389980     280.286499  -21460.787109      10.222915     156.326831       2.425391  -21304.460279       8.567452  116071.444000       0.001953       2.960142       0.000000
   1352000.0       2704.0     304.722000       4.211420    2171.125160     414.478078  -21462.172266       9.897491     157.710564       2.180128  -21304.461701       8.565645  116071.444000       0.001953       2.960142       0.000000
   1353000.0       2706.0     302.260000       3.348809    2088.818200     299.522560  -21460.882422       9.478976     156.436537       1.732573  -21304.445885       8.569431  116071.444000       0.001953       2.960142       0.000000
   1354000.0       2708.0     305.034000       4.738230    1952.266720     429.141340  -21462.312891      10.843345     157.872143       2.453766  -21304.440748       8.577759  116071.444000       0.001953       2.960142       0.000000
   1355000.0       2710.0     302.888000       3.907845    2220.607460     370.666370  -21461.210938       9.626665     156.762104       2.022707  -21304.448833       8.553161  116071.444000       0.001953       2.960142       0.000000
   1356000.0       2712.0     303.708000       4.907698    2112.580840     346.287963  -21461.641406      10.380123     157.186296       2.539918  -21304.455110       8.567082  116071.444000       0.001953       2.960142       0.000000
   1357000.0       2714.0     303.998000       2.376042    2485.744120     186.772399  -21461.785156       9.054353     157.336609       1.229517  -21304.448547       8.559011  116071.444000       0.001953       2.960142       0.000000
   1358000.0       2716.0     304.540000       5.204736    2181.211480     299.510461  -21462.065234      10.322444     157.616594       2.694290  -21304.448640       8.552818  116071.444000       0.001953       2.960142       0.000000
   1359000.0       2718.0     304.730000       3.734483    2013.989100     350.809823  -21462.174609       9.794840     157.716151       1.933616  -21304.458458       8.574389  116071.444000       0.001953       2.960142       0.000000
   1360000.0       2720.0     304.194000       7.664387    2249.248640     307.263417  -21461.913672      11.533947     157.437309       3.966879  -21304.476363       8.562501  116071.444000       0.001953       2.960142       0.000000
   1361000.0       2722.0     303.920000       4.452141    2068.310920     235.349147  -21461.746094      10.053910     157.296359       2.304766  -21304.449735       8.570559  116071.444000       0.001953       2.960142       0.000000
   1362000.0       2724.0     306.930000       5.075758    2137.287080     448.169937  -21463.296875      10.393619     158.853857       2.626979  -21304.443017       8.551314  116071.444000       0.001953       2.960142       0.000000
   1363000.0       2726.0     304.812000       2.678167    1968.074260     374.114632  -21462.214844       9.617084     157.757450       1.385715  -21304.457394       8.555763  116071.444000       0.001953       2.960142       0.000000
   1364000.0       2728.0     305.224000       3.872434    2157.077000     298.967823  -21462.440625       9.696353     157.971482       2.004781  -21304.469144       8.570124  116071.444000       0.001953       2.960142       0.000000
   1365000.0       2730.0     304.196000       4.282666    2219.630360     370.277622  -21461.898437      10.644310     157.439451       2.216780  -21304.458986       8.572241  116071.444000       0.001953       2.960142       0.000000
   1366000.0       2732.0     304.740000       4.723084    2181.345160     157.776651  -21462.203906      10.543550     157.720986       2.444446  -21304.482921       8.571128  116071.444000       0.001953       2.960142       0.000000
   1367000.0       2734.0     306.166000       4.759595    1821.899460     425.143642  -21462.923828      10.455941     158.458064       2.463178  -21304.465764       8.566338  116071.444000       0.001953       2.960142       0.000000
   1368000.0       2736.0     303.402000       4.021917    1715.041700     579.270045  -21461.476953       9.867916     157.027768       2.081602  -21304.449185       8.542449  116071.444000       0.001953       2.960142       0.000000
   1369000.0       2738.0     303.562000       5.821809    2394.209800     302.897291  -21461.576172      10.719018     157.111172       3.013265  -21304.465000       8.569964  116071.444000       0.001953       2.960142       0.000000
   1370000.0       2740.0     303.696000       3.062663    1862.664740     423.361057  -21461.645703       9.394216     157.179705       1.584193  -21304.465998       8.571296  116071.444000       0.001953       2.960142       0.000000
   1371000.0       2742.0     304.918000       4.801072    2140.594560     715.479412  -21462.270312      10.783368     157.812295       2.484075  -21304.458017       8.564177  116071.444000       0.001953       2.960142       0.000000
   1372000.0       2744.0     304.634000       6.712718    2071.462080     109.060290  -21462.106250      11.605320     157.665307       3.473866  -21304.440943       8.560900  116071.444000       0.001953       2.960142       0.000000
   1373000.0       2746.0     303.176000       2.897534    2199.697280     318.520268  -21461.362109       9.441495     156.910696       1.498255  -21304.451413       8.550686  116071.444000       0.001953       2.960142       0.000000
   1374000.0       2748.0     305.150000       2.256838    1946.603880     225.909400  -21462.386719       9.325609     157.933335       1.168249  -21304.453384       8.572612  116071.444000       0.001953       2.960142       0.000000
   1375000.0       2750.0     302.012000       3.973690    2005.103140     567.834094  -21460.758594      10.263446     156.307799       2.056820  -21304.450794       8.571372  116071.444000       0.001953       2.960142       0.000000
   1376000.0       2752.0     303.058000       3.317296    2445.224600     408.872382  -21461.322656      10.102045     156.850481       1.717701  -21304.472175       8.559285  116071.444000       0.001953       2.960142       0.000000
   1377000.0       2754.0     302.590000       4.443229    2040.314620     149.449573  -21461.058594      10.472406     156.607970       2.298769  -21304.450624       8.559870  116071.444000       0.001953       2.960142       0.000000
   1378000.0       2756.0     304.010000       4.663334    2121.200320     504.381002  -21461.794922      10.535384     157.341495       2.413033  -21304.453427       8.556251  116071.444000       0.001953       2.960142       0.000000
   1379000.0       2758.0     304.208000       5.124144    1906.582680     418.227788  -21461.913672      11.197753     157.444313       2.652674  -21304.469359       8.559940  116071.444000       0.001953       2.960142       0.000000
   1380000.0       2760.0     304.156000       3.372439    2167.085380     188.982376  -21461.884766       9.865936     157.419222       1.745451  -21304.465544       8.560420  116071.444000       0.001953       2.960142       0.000000
   1381000.0       2762.0     303.954000       4.688900    1945.223100     438.240968  -21461.761328      10.407923     157.314110       2.427228  -21304.447218       8.551237  116071.444000       0.001953       2.960142       0.000000
   1382000.0       2764.0     303.452000       4.839944    2341.591940     251.456917  -21461.525000      10.493640     157.053837       2.505567  -21304.471163       8.567848  116071.444000       0.001953       2.960142       0.000000
   1383000.0       2766.0     304.992000       2.039886    2024.189340     259.127755  -21462.282422       8.918913     157.850213       1.056237  -21304.432209       8.561918  116071.444000       0.001953       2.960142       0.000000
   1384000.0       2768.0     304.338000       3.654200    2213.531800     559.375180  -21461.966406      10.133776     157.512537       1.891753  -21304.453870       8.567137  116071.444000       0.001953       2.960142       0.000000
   1385000.0       2770.0     302.928000       4.928746    2000.518720     333.100023  -21461.250000      10.983647     156.783639       2.549808  -21304.466362       8.562146  116071.444000       0.001953       2.960142       0.000000
