       # Time (ps)   MSD_mean (Angstrom^2)    MSD_std (Angstrom^2)
          2.000000              1.19750166              0.02748249
          4.000000              1.44472654              0.04731115
          6.000000              1.63145881              0.06425024
          8.000000              1.80618119              0.07906395
         10.000000              1.96002777              0.09199943
         12.000000              2.09030515              0.10628877
         14.000000              2.21738046              0.11799502
         16.000000              2.33891949              0.13040031
         18.000000              2.45074638              0.14213853
         20.000000              2.56066023              0.15265632
         22.000000              2.66701190              0.16352690
         24.000000              2.76922264              0.17385686
         26.000000              2.86795755              0.18292274
         28.000000              2.96385778              0.19325017
         30.000000              3.05976646              0.20452975
         32.000000              3.15138366              0.21478415
         34.000000              3.24247597              0.22237102
         36.000000              3.32972875              0.23087385
         38.000000              3.41616168              0.24015822
         40.000000              3.50296424              0.24894279
         42.000000              3.58608809              0.25735932
         44.000000              3.66996381              0.26581797
         46.000000              3.75296357              0.27532879
         48.000000              3.83549184              0.28423467
         50.000000              3.91523761              0.29195532
         52.000000              3.99677959              0.30110857
         54.000000              4.07571970              0.31190330
         56.000000              4.15474274              0.32006239
         58.000000              4.23431917              0.32903410
         60.000000              4.31236764              0.33633198
         62.000000              4.38989913              0.34493775
         64.000000              4.46631010              0.35360065
         66.000000              4.54376756              0.36100465
         68.000000              4.61970491              0.37027818
         70.000000              4.69329431              0.37800482
         72.000000              4.76911455              0.38485677
         74.000000              4.84392233              0.39306284
         76.000000              4.91814713              0.40191136
         78.000000              4.99270538              0.40920123
         80.000000              5.06507304              0.41666760
         82.000000              5.13924181              0.42511798
         84.000000              5.20997713              0.43307920
         86.000000              5.28332214              0.44260064
         88.000000              5.35546369              0.45028648
         90.000000              5.42683677              0.45896055
         92.000000              5.49787513              0.46832140
         94.000000              5.56834732              0.47575040
         96.000000              5.63840080              0.48426778
         98.000000              5.70851663              0.49356056
        100.000000              5.77829928              0.50186503
        102.000000              5.84966087              0.50956027
        104.000000              5.91886832              0.51718339
        106.000000              5.98896747              0.52703665
        108.000000              6.05926140              0.53636851
        110.000000              6.12925957              0.54561523
        112.000000              6.19958921              0.55285381
        114.000000              6.26796394              0.56236542
        116.000000              6.33590380              0.56714326
        118.000000              6.40503944              0.57627014
        120.000000              6.47324601              0.58312131
        122.000000              6.54049260              0.59238597
        124.000000              6.61039586              0.60122190
        126.000000              6.67776556              0.61080341
        128.000000              6.74383058              0.61799523
        130.000000              6.81022879              0.62736531
        132.000000              6.87568332              0.63632433
        134.000000              6.94265289              0.64235699
        136.000000              7.00876742              0.65073731
        138.000000              7.07448305              0.65833213
        140.000000              7.14320058              0.66594802
        142.000000              7.20910382              0.67341387
        144.000000              7.27636469              0.68178928
        146.000000              7.34264674              0.68877027
        148.000000              7.41051561              0.69933302
        150.000000              7.47647410              0.70819100
        152.000000              7.54014917              0.71577532
        154.000000              7.60515941              0.72447192
        156.000000              7.66936873              0.73370962
        158.000000              7.73528988              0.74274851
        160.000000              7.79877814              0.74974675
        162.000000              7.86404731              0.75989517
        164.000000              7.92980432              0.76631051
        166.000000              7.99285033              0.77523052
        168.000000              8.05662082              0.78246833
        170.000000              8.11951201              0.79003822
        172.000000              8.18274509              0.79845865
        174.000000              8.24668687              0.80662931
        176.000000              8.31064612              0.81590593
        178.000000              8.37354938              0.82394595
        180.000000              8.43759768              0.83395699
        182.000000              8.50063949              0.84230766
        184.000000              8.56351025              0.84986611
        186.000000              8.62738105              0.85801194
        188.000000              8.68935914              0.86683054
        190.000000              8.75058334              0.87600247
        192.000000              8.81139637              0.88433885
        194.000000              8.87287930              0.89106051
        196.000000              8.93438446              0.90094104
        198.000000              8.99640476              0.90890285
        200.000000              9.05716879              0.91715157
        202.000000              9.11770333              0.92487119
        204.000000              9.17970701              0.93247679
        206.000000              9.24081030              0.94142537
        208.000000              9.30346203              0.94820898
        210.000000              9.36319497              0.95679207
        212.000000              9.42555196              0.96351903
        214.000000              9.48707619              0.97164522
        216.000000              9.54844624              0.97866250
        218.000000              9.60979592              0.98858535
        220.000000              9.67083072              0.99462332
        222.000000              9.73169429              1.00320442
        224.000000              9.79303706              1.01032558
        226.000000              9.85294741              1.01694836
        228.000000              9.91361189              1.02489118
        230.000000              9.97456359              1.03178681
        232.000000             10.03649830              1.03846237
        234.000000             10.09631318              1.04636320
        236.000000             10.15768806              1.05291935
        238.000000             10.21603193              1.05773634
        240.000000             10.27649031              1.06641542
        242.000000             10.33813435              1.07093922
        244.000000             10.39824454              1.08022249
        246.000000             10.45955598              1.08794916
        248.000000             10.51800586              1.09595493
        250.000000             10.57873294              1.10298376
        252.000000             10.63762740              1.11106428
        254.000000             10.69665498              1.11699133
        256.000000             10.75550340              1.12339196
        258.000000             10.81690742              1.13120994
        260.000000             10.87710261              1.13807846
        262.000000             10.93481990              1.14474358
        264.000000             10.99556054              1.15376527
        266.000000             11.05599704              1.16101544
        268.000000             11.11562366              1.16816698
        270.000000             11.17522208              1.17816617
        272.000000             11.23645012              1.18707222
        274.000000             11.29310275              1.19469957
        276.000000             11.35168180              1.20303711
        278.000000             11.41346863              1.21025934
        280.000000             11.47336345              1.21790038
        282.000000             11.53086968              1.22523219
        284.000000             11.59051578              1.23336459
        286.000000             11.65086034              1.24179301
        288.000000             11.71104433              1.24844506
        290.000000             11.77012204              1.25702856
        292.000000             11.83144913              1.26569265
        294.000000             11.89168971              1.27234862
        296.000000             11.95176339              1.28035981
        298.000000             12.01070572              1.28610656
        300.000000             12.07219619              1.29377637
        302.000000             12.13286974              1.30123162
        304.000000             12.19316327              1.31014550
        306.000000             12.25319215              1.31810501
        308.000000             12.31230982              1.32846258
        310.000000             12.37448276              1.33526987
        312.000000             12.43285083              1.34487931
        314.000000             12.49382911              1.35407600
        316.000000             12.55360315              1.36276811
        318.000000             12.61464054              1.37232927
        320.000000             12.67513224              1.38114838
        322.000000             12.73611655              1.39064161
        324.000000             12.79487503              1.39802618
        326.000000             12.85802181              1.40695456
        328.000000             12.91775782              1.41438536
        330.000000             12.97821791              1.42200088
        332.000000             13.03865810              1.42990759
        334.000000             13.09800819              1.43791184
        336.000000             13.15783424              1.44606284
        338.000000             13.21694477              1.45492742
        340.000000             13.27635102              1.46324165
        342.000000             13.33851515              1.47203444
        344.000000             13.39638502              1.48129110
        346.000000             13.45583709              1.48869698
        348.000000             13.51636443              1.49658127
        350.000000             13.57533571              1.50660929
        352.000000             13.63528931              1.51483652
        354.000000             13.69443765              1.52204810
        356.000000             13.75290282              1.53051109
        358.000000             13.81193508              1.53708722
        360.000000             13.87087810              1.54371187
        362.000000             13.92940243              1.55252734
        364.000000             13.98748487              1.55827784
        366.000000             14.04710325              1.56769942
        368.000000             14.10545886              1.57529270
        370.000000             14.16455171              1.58329888
        372.000000             14.22206421              1.59133967
        374.000000             14.28011646              1.60080023
        376.000000             14.34070629              1.60811186
        378.000000             14.39936601              1.61882982
        380.000000             14.45789288              1.62519563
        382.000000             14.51632819              1.63373944
        384.000000             14.57524736              1.64132110
        386.000000             14.63317872              1.64767743
        388.000000             14.68942584              1.65509210
        390.000000             14.74919476              1.66259494
        392.000000             14.80889315              1.67024318
        394.000000             14.86640484              1.67868401
        396.000000             14.92300250              1.68321775
        398.000000             14.98205345              1.68938424
        400.000000             15.04041803              1.69767622
        402.000000             15.09970626              1.70649484
        404.000000             15.15889186              1.71116942
        406.000000             15.21591247              1.71873706
        408.000000             15.27394145              1.72726777
        410.000000             15.33066880              1.73332538
        412.000000             15.38889274              1.74279337
        414.000000             15.44704716              1.74980462
        416.000000             15.50638714              1.75703499
        418.000000             15.56367610              1.76495425
        420.000000             15.62137998              1.77210499
        422.000000             15.68084666              1.77952058
        424.000000             15.73820650              1.78937335
        426.000000             15.79647011              1.79576180
        428.000000             15.85514518              1.80329302
        430.000000             15.91330652              1.81087085
        432.000000             15.97175142              1.81728052
        434.000000             16.02971282              1.82594385
        436.000000             16.08661617              1.83323961
        438.000000             16.14561314              1.84113290
        440.000000             16.20356015              1.84739579
        442.000000             16.25912082              1.85813619
        444.000000             16.31614707              1.86569760
        446.000000             16.37461408              1.87404341
        448.000000             16.43158127              1.88118517
        450.000000             16.48871743              1.88993551
        452.000000             16.54668211              1.89816734
        454.000000             16.60396635              1.90365556
        456.000000             16.66104389              1.91340028
        458.000000             16.71919148              1.92099837
        460.000000             16.77501404              1.92975236
        462.000000             16.83203911              1.93641964
        464.000000             16.88984058              1.94518839
        466.000000             16.94732290              1.95292233
        468.000000             17.00434845              1.95850137
        470.000000             17.06064234              1.96526856
        472.000000             17.11818043              1.97460860
        474.000000             17.17382215              1.98238431
        476.000000             17.23110806              1.98832381
        478.000000             17.28792729              1.99301907
        480.000000             17.34272304              2.00004094
        482.000000             17.39801138              2.00635604
        484.000000             17.45562144              2.01335344
        486.000000             17.51192211              2.01815136
        488.000000             17.56903949              2.02484030
        490.000000             17.62689530              2.03193649
        492.000000             17.68228198              2.03818993
        494.000000             17.73604756              2.04515693
        496.000000             17.79325303              2.04938096
        498.000000             17.85000537              2.05874244
        500.000000             17.90796539              2.06554635
        502.000000             17.96298885              2.07223839
        504.000000             18.01706609              2.07806637
        506.000000             18.07470784              2.08461295
        508.000000             18.12865243              2.09144358
        510.000000             18.18635324              2.09737755
        512.000000             18.24330535              2.10335046
        514.000000             18.29909501              2.10803760
        516.000000             18.35501532              2.11635096
        518.000000             18.41128680              2.12126040
        520.000000             18.46524855              2.12620350
        522.000000             18.52241493              2.13191231
        524.000000             18.57729737              2.13603210
        526.000000             18.63448607              2.14210977
        528.000000             18.68797549              2.14656985
        530.000000             18.74446785              2.15281741
        532.000000             18.80137947              2.15826190
        534.000000             18.85425839              2.16406991
        536.000000             18.91026751              2.17052559
        538.000000             18.96618913              2.17440423
        540.000000             19.02046347              2.18080064
        542.000000             19.07505257              2.18583135
        544.000000             19.13040788              2.18676634
        546.000000             19.18633300              2.19294356
        548.000000             19.24033423              2.19626170
        550.000000             19.29715763              2.19931247
        552.000000             19.35144740              2.20445224
        554.000000             19.40810457              2.20930789
        556.000000             19.46338761              2.21180589
        558.000000             19.51912909              2.21626528
        560.000000             19.57377910              2.22151296
        562.000000             19.63049557              2.22627364
        564.000000             19.68492031              2.23111165
        566.000000             19.74147558              2.23581900
        568.000000             19.79735220              2.24250020
        570.000000             19.85259812              2.24718934
        572.000000             19.90916003              2.25485332
        574.000000             19.96346943              2.26367194
        576.000000             20.01956247              2.26845069
        578.000000             20.07260132              2.27539760
        580.000000             20.12752140              2.28061017
        582.000000             20.18275966              2.28667062
        584.000000             20.23483111              2.29498689
        586.000000             20.28958956              2.30063757
        588.000000             20.34449099              2.30559421
        590.000000             20.40143983              2.31051358
        592.000000             20.45674597              2.31488323
        594.000000             20.51362083              2.31824168
        596.000000             20.57001316              2.32098654
        598.000000             20.62596017              2.32543279
        600.000000             20.68151529              2.32805276
        602.000000             20.73782546              2.33383173
        604.000000             20.79411275              2.33761412
        606.000000             20.85248726              2.34182657
        608.000000             20.90918621              2.34681996
        610.000000             20.96464821              2.35180999
        612.000000             21.02131873              2.35571040
        614.000000             21.07925857              2.36048713
        616.000000             21.13510034              2.36562048
        618.000000             21.19103091              2.36983358
        620.000000             21.24650436              2.37372955
        622.000000             21.30283378              2.37837974
        624.000000             21.35854789              2.38397337
        626.000000             21.41800885              2.38922449
        628.000000             21.47303728              2.39659222
        630.000000             21.52920436              2.40125976
        632.000000             21.58524139              2.40677968
        634.000000             21.64207498              2.41213524
        636.000000             21.69722882              2.41906113
        638.000000             21.75426451              2.42154116
        640.000000             21.81002573              2.42598459
        642.000000             21.86455254              2.43150116
        644.000000             21.92141633              2.43750710
        646.000000             21.97575918              2.44210305
        648.000000             22.03095646              2.44826766
        650.000000             22.08653404              2.45411903
        652.000000             22.14281435              2.46009138
        654.000000             22.19686915              2.46520360
        656.000000             22.25204106              2.47022163
        658.000000             22.30867902              2.47519191
        660.000000             22.36174029              2.47889707
        662.000000             22.41548799              2.48285337
        664.000000             22.47112379              2.48720236
        666.000000             22.52553585              2.49167475
        668.000000             22.58270437              2.49673754
        670.000000             22.63756533              2.50322460
        672.000000             22.69371033              2.50794927
        674.000000             22.74625787              2.51456227
        676.000000             22.80279592              2.52047966
        678.000000             22.85732078              2.52926880
        680.000000             22.91225898              2.53618214
        682.000000             22.96942430              2.54522396
        684.000000             23.02352640              2.55359726
        686.000000             23.08134387              2.55937266
        688.000000             23.13892692              2.56632770
        690.000000             23.19517902              2.57055550
        692.000000             23.25032007              2.57700166
        694.000000             23.30609717              2.58239807
        696.000000             23.36062743              2.59084950
        698.000000             23.41616443              2.59706186
        700.000000             23.47286964              2.60559044
        702.000000             23.52704123              2.61390320
        704.000000             23.58623382              2.62001831
        706.000000             23.64019452              2.62957628
        708.000000             23.69678882              2.63530899
        710.000000             23.75451236              2.64264869
        712.000000             23.80968544              2.64901805
        714.000000             23.86720233              2.65554035
        716.000000             23.92213884              2.66162255
        718.000000             23.97806947              2.67062385
        720.000000             24.03542026              2.67932192
        722.000000             24.09150514              2.68713950
        724.000000             24.14863688              2.69358827
        726.000000             24.20675713              2.70034374
        728.000000             24.26297790              2.70792109
        730.000000             24.31638868              2.71460031
        732.000000             24.37353541              2.72292111
        734.000000             24.42789845              2.72693763
        736.000000             24.48240012              2.73264736
        738.000000             24.53716846              2.74094233
        740.000000             24.59335747              2.74832418
        742.000000             24.64793279              2.75349150
        744.000000             24.70309013              2.76221548
        746.000000             24.75768509              2.77181929
        748.000000             24.81262926              2.77680391
        750.000000             24.86396687              2.78306531
        752.000000             24.91914372              2.79302071
        754.000000             24.97040143              2.80056376
        756.000000             25.02291897              2.81019533
        758.000000             25.07718653              2.81944668
        760.000000             25.13010971              2.83025997
        762.000000             25.18340665              2.83776077
        764.000000             25.23581450              2.84830692
        766.000000             25.28938111              2.85613840
        768.000000             25.34157757              2.86612141
        770.000000             25.39515327              2.87334823
        772.000000             25.44707606              2.88269835
        774.000000             25.49941026              2.89348475
        776.000000             25.55067214              2.90339469
        778.000000             25.60228341              2.90954167
        780.000000             25.65329493              2.92092260
        782.000000             25.70597876              2.92791208
        784.000000             25.75844117              2.93807933
        786.000000             25.81001484              2.94478075
        788.000000             25.86470643              2.95537101
        790.000000             25.91616985              2.96409305
        792.000000             25.96750531              2.97267143
        794.000000             26.02033453              2.97929752
        796.000000             26.07408279              2.98973746
        798.000000             26.12408502              2.99812522
        800.000000             26.17555238              3.00616053
        802.000000             26.22968453              3.01586797
        804.000000             26.28179346              3.02477480
        806.000000             26.33112823              3.03416477
        808.000000             26.38473719              3.04261410
        810.000000             26.43766059              3.05039559
        812.000000             26.48909291              3.05874582
        814.000000             26.54144010              3.06661623
        816.000000             26.59713254              3.07720827
        818.000000             26.64710192              3.08422128
        820.000000             26.69959723              3.09370521
        822.000000             26.74976511              3.10217057
        824.000000             26.80208193              3.10863012
        826.000000             26.85530939              3.11700045
        828.000000             26.90843000              3.12651495
        830.000000             26.96098300              3.13776353
        832.000000             27.01689882              3.14570482
        834.000000             27.06743267              3.15370700
        836.000000             27.11968384              3.16102849
        838.000000             27.17148848              3.17003518
        840.000000             27.22556510              3.17908770
        842.000000             27.27659949              3.18547706
        844.000000             27.32978618              3.19433170
        846.000000             27.38205712              3.20341015
        848.000000             27.43449775              3.20932075
        850.000000             27.48503656              3.21699821
        852.000000             27.53591448              3.22618743
        854.000000             27.58832440              3.23208384
        856.000000             27.63995743              3.23962404
        858.000000             27.69196275              3.24837092
        860.000000             27.74340375              3.25429284
        862.000000             27.79450499              3.26266506
        864.000000             27.84383480              3.26924256
        866.000000             27.89654206              3.27956240
        868.000000             27.94633212              3.28594995
        870.000000             27.99854669              3.29470700
        872.000000             28.04890223              3.30351365
        874.000000             28.09672459              3.31233195
        876.000000             28.14465081              3.31999976
        878.000000             28.19172497              3.33055903
        880.000000             28.24236349              3.33859360
        882.000000             28.29068193              3.34607517
        884.000000             28.33904684              3.35507223
        886.000000             28.38965952              3.36362121
        888.000000             28.44061080              3.36983707
        890.000000             28.49014996              3.37834663
        892.000000             28.54419407              3.38646034
        894.000000             28.59210606              3.39296630
        896.000000             28.64078082              3.39892199
        898.000000             28.69185324              3.40631904
        900.000000             28.74255943              3.41289290
        902.000000             28.79284345              3.41903955
        904.000000             28.84496293              3.42494957
        906.000000             28.89493676              3.43380948
        908.000000             28.94676205              3.43776026
        910.000000             28.99434595              3.44427750
        912.000000             29.04633042              3.45464177
        914.000000             29.10086508              3.46064371
        916.000000             29.15236577              3.46544833
        918.000000             29.20170836              3.47167988
        920.000000             29.25115393              3.48011664
        922.000000             29.29954407              3.48857628
        924.000000             29.35064800              3.49744839
        926.000000             29.39846859              3.50242602
        928.000000             29.45067327              3.51084185
        930.000000             29.50140282              3.51823256
        932.000000             29.55323114              3.52534589
        934.000000             29.60306738              3.53281619
        936.000000             29.65205220              3.54258522
        938.000000             29.70089771              3.55097358
        940.000000             29.74981240              3.56065508
        942.000000             29.79851952              3.57328120
        944.000000             29.84413719              3.58406078
        946.000000             29.89225591              3.59206721
        948.000000             29.94128125              3.60591664
        950.000000             29.98834305              3.61647234
        952.000000             30.03982792              3.62711104
        954.000000             30.08900208              3.63784940
        956.000000             30.13798708              3.64520227
        958.000000             30.18916776              3.65422290
        960.000000             30.23378106              3.66539067
        962.000000             30.28548543              3.67765691
        964.000000             30.33635475              3.68416191
        966.000000             30.38540798              3.69322653
        968.000000             30.43410980              3.70567608
        970.000000             30.48456922              3.71244831
        972.000000             30.53165252              3.72316238
        974.000000             30.58166187              3.73440571
        976.000000             30.62879569              3.74704416
        978.000000             30.68083555              3.75680286
        980.000000             30.72919091              3.76959630
        982.000000             30.77822482              3.78079367
        984.000000             30.82822212              3.79701442
        986.000000             30.87867373              3.80537349
        988.000000             30.92987849              3.81930982
        990.000000             30.98306329              3.83168418
        992.000000             31.03293997              3.84350416
        994.000000             31.08502497              3.85551895
        996.000000             31.13647405              3.87139914
        998.000000             31.18449184              3.88146129
       1000.000000             31.23567068              3.89746908
       1002.000000             31.28852564              3.90909082
       1004.000000             31.33735117              3.92045964
       1006.000000             31.39138531              3.93452137
       1008.000000             31.44386232              3.94901920
       1010.000000             31.49701272              3.96337527
       1012.000000             31.54858850              3.97553296
       1014.000000             31.60346090              3.99003430
       1016.000000             31.65653424              4.00531842
       1018.000000             31.70917239              4.01844721
       1020.000000             31.76006952              4.03498264
       1022.000000             31.81119405              4.04788244
       1024.000000             31.86299097              4.06075635
       1026.000000             31.91288999              4.07492090
       1028.000000             31.96332773              4.08634828
       1030.000000             32.01473670              4.09812255
       1032.000000             32.06583207              4.11335012
       1034.000000             32.11572695              4.12424903
       1036.000000             32.17076882              4.13759523
       1038.000000             32.21852261              4.15030877
       1040.000000             32.27395206              4.16259540
       1042.000000             32.32352695              4.17358516
       1044.000000             32.37576774              4.18874589
       1046.000000             32.42687347              4.20048213
       1048.000000             32.47697516              4.21386691
       1050.000000             32.52724296              4.22554654
       1052.000000             32.57783147              4.24101691
       1054.000000             32.62788817              4.25332197
       1056.000000             32.68273795              4.26436301
       1058.000000             32.73527434              4.27954693
       1060.000000             32.79164891              4.29437934
       1062.000000             32.84785417              4.31020874
       1064.000000             32.90297111              4.32258152
       1066.000000             32.95343728              4.33737631
       1068.000000             33.00849490              4.35061637
       1070.000000             33.06087331              4.36316840
       1072.000000             33.11559118              4.37602528
       1074.000000             33.16925355              4.38868462
       1076.000000             33.22229488              4.40375937
       1078.000000             33.28084096              4.41240092
       1080.000000             33.33251628              4.42644592
       1082.000000             33.38540501              4.44068849
       1084.000000             33.44271465              4.45588178
       1086.000000             33.49983299              4.46918395
       1088.000000             33.55598073              4.48411946
       1090.000000             33.61070862              4.49909469
       1092.000000             33.66465302              4.51312329
       1094.000000             33.72197981              4.53019657
       1096.000000             33.77500110              4.54367238
       1098.000000             33.82974031              4.55803264
       1100.000000             33.88532608              4.57378919
       1102.000000             33.93745014              4.58820388
       1104.000000             33.99358594              4.60391263
       1106.000000             34.04910089              4.62104355
       1108.000000             34.10416886              4.63650995
       1110.000000             34.15574781              4.65420216
       1112.000000             34.21042968              4.67340131
       1114.000000             34.26398258              4.68883495
       1116.000000             34.31431581              4.70547950
       1118.000000             34.36731697              4.72189290
       1120.000000             34.41972134              4.73774935
       1122.000000             34.47449546              4.75303717
       1124.000000             34.52435627              4.77325289
       1126.000000             34.57589354              4.78772218
       1128.000000             34.63065183              4.80520866
       1130.000000             34.68412909              4.82442568
       1132.000000             34.73336462              4.84065929
       1134.000000             34.78647940              4.85676382
       1136.000000             34.84027821              4.87680169
       1138.000000             34.89303820              4.89201911
       1140.000000             34.94570674              4.90706155
       1142.000000             34.99923605              4.92805512
       1144.000000             35.04696072              4.94662048
       1146.000000             35.09889059              4.95858489
       1148.000000             35.15485870              4.98145190
       1150.000000             35.20855440              4.99852452
       1152.000000             35.25953611              5.01359357
       1154.000000             35.30926336              5.03098636
       1156.000000             35.36036977              5.05159113
       1158.000000             35.40956286              5.07083391
       1160.000000             35.46733622              5.08907981
       1162.000000             35.52006120              5.10926303
       1164.000000             35.57047465              5.12710553
       1166.000000             35.62366973              5.14419383
       1168.000000             35.67532278              5.16132853
       1170.000000             35.72369148              5.17793735
       1172.000000             35.77577454              5.19352010
       1174.000000             35.82700667              5.21100794
       1176.000000             35.87571822              5.22734023
       1178.000000             35.92590768              5.24166643
       1180.000000             35.97751387              5.26005478
       1182.000000             36.03091628              5.28145108
       1184.000000             36.08538468              5.30190374
       1186.000000             36.14145932              5.31962924
       1188.000000             36.19235000              5.33996215
       1190.000000             36.24673040              5.35864531
       1192.000000             36.30104550              5.37906826
       1194.000000             36.35314653              5.39946984
       1196.000000             36.40387285              5.41470968
       1198.000000             36.45659005              5.43391353
       1200.000000             36.50999701              5.45437975
       1202.000000             36.56099008              5.47367570
       1204.000000             36.61173325              5.49533509
       1206.000000             36.66713899              5.51854240
       1208.000000             36.72026460              5.53548442
       1210.000000             36.77455907              5.55391408
       1212.000000             36.82942740              5.57441779
       1214.000000             36.88408002              5.59266712
       1216.000000             36.93345621              5.61213968
       1218.000000             36.98765326              5.63226029
       1220.000000             37.04138321              5.65121058
       1222.000000             37.10066496              5.67164432
       1224.000000             37.15502033              5.68842408
       1226.000000             37.20943332              5.70856923
       1228.000000             37.26443864              5.72892018
       1230.000000             37.32129789              5.75026057
       1232.000000             37.37416616              5.77138866
       1234.000000             37.42710239              5.78892487
       1236.000000             37.47856128              5.80331053
       1238.000000             37.53300396              5.82128073
       1240.000000             37.58793875              5.83948278
       1242.000000             37.64557055              5.85252806
       1244.000000             37.69601961              5.86652839
       1246.000000             37.75028416              5.88005699
       1248.000000             37.79854769              5.89437022
       1250.000000             37.84837791              5.91319462
       1252.000000             37.89936745              5.92489576
       1254.000000             37.95039309              5.93604455
       1256.000000             38.00315387              5.94671516
       1258.000000             38.05567020              5.95857996
       1260.000000             38.10674492              5.97030205
       1262.000000             38.15603415              5.97640890
       1264.000000             38.20610925              5.98533408
       1266.000000             38.25835527              5.99491373
       1268.000000             38.30746207              6.00450728
       1270.000000             38.35677139              6.01914032
       1272.000000             38.40598679              6.02794321
       1274.000000             38.45366645              6.03999678
       1276.000000             38.50469047              6.05705813
       1278.000000             38.55407330              6.06963013
       1280.000000             38.60311812              6.07621863
       1282.000000             38.64649041              6.08673327
       1284.000000             38.69861217              6.09324092
       1286.000000             38.74820586              6.09700312
       1288.000000             38.79719822              6.10458395
       1290.000000             38.84980313              6.11796130
       1292.000000             38.89973889              6.12982266
       1294.000000             38.95165947              6.13916091
       1296.000000             39.00282538              6.15497167
       1298.000000             39.05167050              6.16407476
       1300.000000             39.10843914              6.17258451
       1302.000000             39.16159780              6.19378183
       1304.000000             39.20872035              6.20076338
       1306.000000             39.25260535              6.21068337
       1308.000000             39.30007818              6.21548575
       1310.000000             39.34770707              6.23149492
       1312.000000             39.40083291              6.24170705
       1314.000000             39.44739021              6.25379932
       1316.000000             39.49865571              6.26084566
       1318.000000             39.55035115              6.27937711
       1320.000000             39.60199339              6.29180850
       1322.000000             39.65529234              6.30560595
       1324.000000             39.70842688              6.31827149
       1326.000000             39.76458056              6.33159745
       1328.000000             39.81426163              6.34541840
       1330.000000             39.86810194              6.36065962
       1332.000000             39.91836179              6.37084311
       1334.000000             39.96794758              6.38451440
       1336.000000             40.01779268              6.39770665
       1338.000000             40.07303563              6.40927761
       1340.000000             40.12419688              6.42296296
       1342.000000             40.16856093              6.43487552
       1344.000000             40.21825919              6.44333336
       1346.000000             40.26684491              6.45818936
       1348.000000             40.31901165              6.47036596
       1350.000000             40.37066243              6.48578186
       1352.000000             40.42184346              6.50371277
       1354.000000             40.46799057              6.51880478
       1356.000000             40.51859086              6.53405783
       1358.000000             40.56541692              6.54763889
       1360.000000             40.61223067              6.56610902
       1362.000000             40.65547949              6.59121287
       1364.000000             40.70516610              6.61765958
       1366.000000             40.74743811              6.64059633
       1368.000000             40.78945238              6.66212942
       1370.000000             40.84483309              6.68230047
       1372.000000             40.88520439              6.69846099
       1374.000000             40.92297241              6.72177427
       1376.000000             40.96724684              6.73645717
       1378.000000             41.01297007              6.75041620
       1380.000000             41.06116308              6.75807266
       1382.000000             41.10498548              6.77152956
       1384.000000             41.15434980              6.78688912
       1386.000000             41.19960424              6.80455183
       1388.000000             41.24290786              6.81917782
       1390.000000             41.28243990              6.82659373
       1392.000000             41.32671282              6.84340108
       1394.000000             41.36593755              6.84585998
       1396.000000             41.41141066              6.85240589
       1398.000000             41.45184169              6.86323663
       1400.000000             41.48850037              6.87640924
       1402.000000             41.53462625              6.88267900
       1404.000000             41.57223797              6.89128664
       1406.000000             41.60935042              6.89864362
       1408.000000             41.65697639              6.90459795
       1410.000000             41.69956755              6.91940863
       1412.000000             41.75475977              6.93455819
       1414.000000             41.80587742              6.94105467
       1416.000000             41.86144395              6.95956928
       1418.000000             41.91272639              6.97433849
       1420.000000             41.96597874              6.98911485
       1422.000000             42.01639636              7.00809622
       1424.000000             42.07008883              7.02771435
       1426.000000             42.12001212              7.02639396
       1428.000000             42.15658416              7.04402496
       1430.000000             42.19871622              7.04845525
       1432.000000             42.23166240              7.06400070
       1434.000000             42.27684634              7.08631343
       1436.000000             42.31598795              7.09031730
       1438.000000             42.35778270              7.11643732
       1440.000000             42.40165608              7.12961593
       1442.000000             42.44530775              7.13703860
       1444.000000             42.50033723              7.15455688
       1446.000000             42.54865070              7.17064339
       1448.000000             42.59712119              7.20208291
       1450.000000             42.65571735              7.22949544
       1452.000000             42.72421323              7.25904042
       1454.000000             42.78160046              7.27815338
       1456.000000             42.84009423              7.30650310
       1458.000000             42.90802147              7.35258819
       1460.000000             42.97672079              7.36795166
       1462.000000             43.03190758              7.41460591
       1464.000000             43.09970783              7.45922067
       1466.000000             43.15808165              7.51011629
       1468.000000             43.21505393              7.53269529
       1470.000000             43.28641260              7.57010758
       1472.000000             43.33129569              7.61047233
       1474.000000             43.35065008              7.63915729
       1476.000000             43.38114704              7.65098002
       1478.000000             43.43867290              7.65737867
       1480.000000             43.49868095              7.70398632
       1482.000000             43.58145903              7.72819723
       1484.000000             43.68327961              7.72363110
       1486.000000             43.74225019              7.71350409
       1488.000000             43.81766514              7.75562798
       1490.000000             43.89678843              7.81294677
       1492.000000             43.87463336              7.73801954
       1494.000000             44.00808778              7.67707197
       1496.000000             44.11218773              7.75641212
       1498.000000             44.00032336              7.67227170
