# Hop_Value_(h)	PDF
0.00725700	0.08620448
0.01988415	0.18301477
0.03251131	0.33942504
0.04513846	0.55875859
0.05776561	0.82996519
0.07039277	1.13036858
0.08301992	1.43274413
0.09564707	1.71254370
0.10827423	1.95231867
0.12090138	2.14275400
0.13352853	2.28137150
0.14615568	2.37035817
0.15878284	2.41458708
0.17140999	2.42041012
0.18403714	2.39515671
0.19666430	2.34656964
0.20929145	2.28164267
0.22191860	2.20550111
0.23454576	2.12140350
0.24717291	2.03181699
0.25980006	1.93928916
0.27242722	1.84626986
0.28505437	1.75453894
0.29768152	1.66520910
0.31030868	1.57910297
0.32293583	1.49677669
0.33556298	1.41830281
0.34819014	1.34343189
0.36081729	1.27209465
0.37344444	1.20459597
0.38607159	1.14124437
0.39869875	1.08195462
0.41132590	1.02638716
0.42395305	0.97434937
0.43658021	0.92576807
0.44920736	0.88026347
0.46183451	0.83706300
0.47446167	0.79553489
0.48708882	0.75571473
0.49971597	0.71820628
0.51234313	0.68363292
0.52497028	0.65219485
0.53759743	0.62355978
0.55022459	0.59702270
0.56285174	0.57184272
0.57547889	0.54757162
0.58810605	0.52415321
0.60073320	0.50180379
0.61336035	0.48085199
0.62598750	0.46157475
0.63861466	0.44396089
0.65124181	0.42756843
0.66386896	0.41178270
0.67649612	0.39632191
0.68912327	0.38137369
0.70175042	0.36720394
0.71437758	0.35382602
0.72700473	0.34110010
0.73963188	0.32893292
0.75225904	0.31728035
0.76488619	0.30608901
0.77751334	0.29531466
0.79014050	0.28495964
0.80276765	0.27508075
0.81539480	0.26576251
0.82802195	0.25705356
0.84064911	0.24891631
0.85327626	0.24123771
0.86590341	0.23388230
0.87853057	0.22676294
0.89115772	0.21989593
0.90378487	0.21336221
0.91641203	0.20718017
0.92903918	0.20124180
0.94166633	0.19541218
0.95429349	0.18967397
0.96692064	0.18411307
0.97954779	0.17874730
0.99217495	0.17344974
1.00480210	0.16810709
1.01742925	0.16279134
1.03005641	0.15769033
1.04268356	0.15291388
1.05531071	0.14846295
1.06793786	0.14435960
1.08056502	0.14068791
1.09319217	0.13747174
1.10581932	0.13457159
1.11844648	0.13173344
1.13107363	0.12873092
1.14370078	0.12548740
1.15632794	0.12209957
1.16895509	0.11872404
1.18158224	0.11540952
1.19420940	0.11207534
1.20683655	0.10869572
1.21946370	0.10544641
1.23209086	0.10258018
1.24471801	0.10016796
1.25734516	0.09802761
1.26997232	0.09591749
1.28259947	0.09376170
1.29522662	0.09166958
1.30785377	0.08976706
1.32048093	0.08804498
1.33310808	0.08636134
1.34573523	0.08455534
1.35836239	0.08255553
1.37098954	0.08040835
1.38361669	0.07823210
1.39624385	0.07615032
1.40887100	0.07424270
1.42149815	0.07251305
1.43412531	0.07088505
1.44675246	0.06926063
1.45937961	0.06761761
1.47200677	0.06603549
1.48463392	0.06459427
1.49726107	0.06326205
1.50988823	0.06191634
1.52251538	0.06047415
1.53514253	0.05897657
1.54776968	0.05754327
1.56039684	0.05626082
1.57302399	0.05511935
1.58565114	0.05404485
1.59827830	0.05298823
1.61090545	0.05198171
1.62353260	0.05109694
1.63615976	0.05034558
1.64878691	0.04963812
1.66141406	0.04884984
1.67404122	0.04792262
1.68666837	0.04690192
1.69929552	0.04588095
1.71192268	0.04491161
1.72454983	0.04396779
1.73717698	0.04299389
1.74980414	0.04198390
1.76243129	0.04100236
1.77505844	0.04012424
1.78768559	0.03936286
1.80031275	0.03866287
1.81293990	0.03795620
1.82556705	0.03721068
1.83819421	0.03642631
1.85082136	0.03560560
1.86344851	0.03474045
1.87607567	0.03382661
1.88870282	0.03289287
1.90132997	0.03201037
1.91395713	0.03124937
1.92658428	0.03061426
1.93921143	0.03003600
1.95183859	0.02944103
1.96446574	0.02881881
1.97709289	0.02821754
1.98972005	0.02769269
2.00234720	0.02727083
2.01497435	0.02694456
2.02760150	0.02668218
2.04022866	0.02644320
2.05285581	0.02618889
2.06548296	0.02587734
2.07811012	0.02546082
2.09073727	0.02491560
2.10336442	0.02428074
2.11599158	0.02363857
2.12861873	0.02304924
2.14124588	0.02253456
2.15387304	0.02211596
2.16650019	0.02180479
2.17912734	0.02154357
2.19175450	0.02122225
2.20438165	0.02078638
2.21700880	0.02028915
2.22963595	0.01981484
2.24226311	0.01938932
2.25489026	0.01898809
2.26751741	0.01859712
2.28014457	0.01823000
2.29277172	0.01789542
2.30539887	0.01757659
2.31802603	0.01724639
2.33065318	0.01689167
2.34328033	0.01652966
2.35590749	0.01620537
2.36853464	0.01595260
2.38116179	0.01575107
2.39378895	0.01554212
2.40641610	0.01528586
2.41904325	0.01498259
2.43167041	0.01464794
2.44429756	0.01429337
2.45692471	0.01393045
2.46955186	0.01358025
2.48217902	0.01327066
2.49480617	0.01301479
2.50743332	0.01279177
2.52006048	0.01256537
2.53268763	0.01232408
2.54531478	0.01208934
2.55794194	0.01188773
2.57056909	0.01172663
2.58319624	0.01158963
2.59582340	0.01144697
2.60845055	0.01127864
2.62107770	0.01109148
2.63370486	0.01090677
2.64633201	0.01073502
2.65895916	0.01057394
2.67158632	0.01042241
2.68421347	0.01027823
2.69684062	0.01012529
2.70946777	0.00994048
2.72209493	0.00971802
2.73472208	0.00948096
2.74734923	0.00926764
2.75997639	0.00910506
2.77260354	0.00898526
2.78523069	0.00886537
2.79785785	0.00869982
2.81048500	0.00847576
2.82311215	0.00821619
2.83573931	0.00795683
2.84836646	0.00772570
2.86099361	0.00753584
2.87362077	0.00738465
2.88624792	0.00725418
2.89887507	0.00711822
2.91150223	0.00696420
2.92412938	0.00681238
2.93675653	0.00670162
2.94938368	0.00664918
2.96201084	0.00662932
2.97463799	0.00659382
2.98726514	0.00651087
2.99989230	0.00638681
3.01251945	0.00625795
3.02514660	0.00616253
3.03777376	0.00611411
3.05040091	0.00609661
3.06302806	0.00608192
3.07565522	0.00604838
3.08828237	0.00598405
3.10090952	0.00588042
3.11353668	0.00573400
3.12616383	0.00555999
3.13879098	0.00539683
3.15141814	0.00528357
3.16404529	0.00522798
3.17667244	0.00519855
3.18929959	0.00514989
3.20192675	0.00506058
3.21455390	0.00495114
3.22718105	0.00486478
3.23980821	0.00482872
3.25243536	0.00483182
3.26506251	0.00483398
3.27768967	0.00479363
3.29031682	0.00468914
3.30294397	0.00452486
3.31557113	0.00432790
3.32819828	0.00413810
3.34082543	0.00398916
3.35345259	0.00389155
3.36607974	0.00383386
3.37870689	0.00379953
3.39133405	0.00377890
3.40396120	0.00376604
3.41658835	0.00375040
3.42921550	0.00371788
3.44184266	0.00366015
3.45446981	0.00357997
3.46709696	0.00348728
3.47972412	0.00339409
3.49235127	0.00331523
3.50497842	0.00326766
3.51760558	0.00325706
3.53023273	0.00326317
3.54285988	0.00324773
3.55548704	0.00318270
3.56811419	0.00307073
3.58074134	0.00294175
3.59336850	0.00283405
3.60599565	0.00277274
3.61862280	0.00275497
3.63124995	0.00275170
3.64387711	0.00272747
3.65650426	0.00266480
3.66913141	0.00257532
3.68175857	0.00248741
3.69438572	0.00242049
3.70701287	0.00237425
3.71964003	0.00234229
3.73226718	0.00232585
3.74489433	0.00233033
3.75752149	0.00235638
3.77014864	0.00239623
3.78277579	0.00243267
3.79540295	0.00244364
3.80803010	0.00241422
3.82065725	0.00234382
3.83328441	0.00224250
3.84591156	0.00212753
3.85853871	0.00202352
3.87116586	0.00195607
3.88379302	0.00193761
3.89642017	0.00195596
3.90904732	0.00197650
3.92167448	0.00196367
3.93430163	0.00190837
3.94692878	0.00183330
3.95955594	0.00176885
3.97218309	0.00172796
3.98481024	0.00170484
3.99743740	0.00168866
4.01006455	0.00167139
4.02269170	0.00164780
4.03531886	0.00161608
4.04794601	0.00157836
4.06057316	0.00153868
4.07320032	0.00150212
4.08582747	0.00147562
4.09845462	0.00146459
4.11108177	0.00146723
4.12370893	0.00147494
4.13633608	0.00147961
4.14896323	0.00147968
4.16159039	0.00147830
4.17421754	0.00147610
4.18684469	0.00146821
4.19947185	0.00145045
4.21209900	0.00142540
4.22472615	0.00139877
4.23735331	0.00137310
4.24998046	0.00134820
4.26260761	0.00132322
4.27523477	0.00129517
4.28786192	0.00126047
4.30048907	0.00122102
4.31311623	0.00118469
4.32574338	0.00115651
4.33837053	0.00113288
4.35099768	0.00110830
4.36362484	0.00108393
4.37625199	0.00106370
4.38887914	0.00104521
4.40150630	0.00102167
4.41413345	0.00099244
4.42676060	0.00096592
4.43938776	0.00095236
4.45201491	0.00095699
4.46464206	0.00097693
4.47726922	0.00099861
4.48989637	0.00100141
4.50252352	0.00097192
4.51515068	0.00091552
4.52777783	0.00085199
4.54040498	0.00080096
4.55303214	0.00077084
4.56565929	0.00075764
4.57828644	0.00075353
4.59091359	0.00075526
4.60354075	0.00076181
4.61616790	0.00076703
4.62879505	0.00076215
4.64142221	0.00074513
4.65404936	0.00072178
4.66667651	0.00069859
4.67930367	0.00067982
4.69193082	0.00067054
4.70455797	0.00067509
4.71718513	0.00068997
4.72981228	0.00070251
4.74243943	0.00069996
4.75506659	0.00067949
4.76769374	0.00064972
4.78032089	0.00062408
4.79294805	0.00061166
4.80557520	0.00061106
4.81820235	0.00061268
4.83082950	0.00060911
4.84345666	0.00060344
4.85608381	0.00060310
4.86871096	0.00060506
4.88133812	0.00059348
4.89396527	0.00055706
4.90659242	0.00050607
4.91921958	0.00046692
4.93184673	0.00045823
4.94447388	0.00047628
4.95710104	0.00050454
4.96972819	0.00053130
4.98235534	0.00055339
4.99498250	0.00056882
5.00760965	0.00057386
5.02023680	0.00056771
5.03286395	0.00055454
5.04549111	0.00053859
5.05811826	0.00051932
5.07074541	0.00049301
5.08337257	0.00045878
5.09599972	0.00042232
5.10862687	0.00039337
5.12125403	0.00037938
5.13388118	0.00038102
5.14650833	0.00039190
5.15913549	0.00040149
5.17176264	0.00040039
5.18438979	0.00038660
5.19701695	0.00036810
5.20964410	0.00035658
5.22227125	0.00035687
5.23489841	0.00036335
5.24752556	0.00036646
5.26015271	0.00036096
5.27277986	0.00034904
5.28540702	0.00033770
5.29803417	0.00033330
5.31066132	0.00033754
5.32328848	0.00034829
5.33591563	0.00036271
5.34854278	0.00037735
5.36116994	0.00038701
5.37379709	0.00038709
5.38642424	0.00037719
5.39905140	0.00036045
5.41167855	0.00034019
5.42430570	0.00031942
5.43693286	0.00030205
5.44956001	0.00029192
5.46218716	0.00028990
5.47481432	0.00029371
5.48744147	0.00030106
5.50006862	0.00031198
5.51269577	0.00032701
5.52532293	0.00034331
5.53795008	0.00035342
5.55057723	0.00034982
5.56320439	0.00033150
5.57583154	0.00030499
5.58845869	0.00027883
5.60108585	0.00025789
5.61371300	0.00024240
5.62634015	0.00023097
5.63896731	0.00022400
5.65159446	0.00022353
5.66422161	0.00022880
5.67684877	0.00023425
5.68947592	0.00023409
5.70210307	0.00022806
5.71473023	0.00022035
5.72735738	0.00021330
5.73998453	0.00020501
5.75261168	0.00019385
5.76523884	0.00018365
5.77786599	0.00018202
5.79049314	0.00019314
5.80312030	0.00021275
5.81574745	0.00023063
5.82837460	0.00023736
5.84100176	0.00022903
5.85362891	0.00020841
5.86625606	0.00018324
5.87888322	0.00016174
5.89151037	0.00014778
5.90413752	0.00014043
5.91676468	0.00013772
5.92939183	0.00013920
5.94201898	0.00014485
5.95464614	0.00015325
5.96727329	0.00016212
5.97990044	0.00016954
5.99252759	0.00017341
6.00515475	0.00017140
6.01778190	0.00016280
6.03040905	0.00014963
6.04303621	0.00013494
6.05566336	0.00012169
6.06829051	0.00011302
6.08091767	0.00011107
6.09354482	0.00011427
6.10617197	0.00011766
6.11879913	0.00011726
6.13142628	0.00011330
6.14405343	0.00010815
6.15668059	0.00010263
6.16930774	0.00009633
6.18193489	0.00009037
6.19456205	0.00008728
6.20718920	0.00008823
6.21981635	0.00009214
6.23244350	0.00009775
6.24507066	0.00010528
6.25769781	0.00011509
6.27032496	0.00012525
6.28295212	0.00013149
6.29557927	0.00013011
6.30820642	0.00012119
6.32083358	0.00010896
6.33346073	0.00009903
6.34608788	0.00009496
6.35871504	0.00009630
6.37134219	0.00009918
6.38396934	0.00009964
6.39659650	0.00009681
6.40922365	0.00009193
6.42185080	0.00008533
6.43447795	0.00007752
6.44710511	0.00007261
6.45973226	0.00007604
6.47235941	0.00008790
6.48498657	0.00010130
6.49761372	0.00010852
6.51024087	0.00010760
6.52286803	0.00010271
6.53549518	0.00009931
6.54812233	0.00009891
6.56074949	0.00009841
6.57337664	0.00009441
6.58600379	0.00008716
6.59863095	0.00007947
6.61125810	0.00007307
6.62388525	0.00006780
6.63651241	0.00006386
6.64913956	0.00006362
6.66176671	0.00006994
6.67439386	0.00008253
6.68702102	0.00009663
6.69964817	0.00010596
6.71227532	0.00010729
6.72490248	0.00010237
6.73752963	0.00009617
6.75015678	0.00009281
6.76278394	0.00009288
6.77541109	0.00009401
6.78803824	0.00009347
6.80066540	0.00009003
6.81329255	0.00008400
6.82591970	0.00007628
6.83854686	0.00006779
6.85117401	0.00005990
6.86380116	0.00005499
6.87642832	0.00005539
6.88905547	0.00006068
6.90168262	0.00006653
6.91430977	0.00006798
6.92693693	0.00006453
6.93956408	0.00006114
6.95219123	0.00006316
6.96481839	0.00007046
6.97744554	0.00007727
6.99007269	0.00007793
7.00269985	0.00007243
7.01532700	0.00006575
7.02795415	0.00006323
7.04058131	0.00006715
7.05320846	0.00007575
7.06583561	0.00008384
7.07846277	0.00008597
7.09108992	0.00008087
7.10371707	0.00007267
7.11634423	0.00006729
7.12897138	0.00006714
7.14159853	0.00006931
7.15422568	0.00006885
7.16685284	0.00006315
7.17947999	0.00005332
7.19210714	0.00004271
7.20473430	0.00003508
7.21736145	0.00003258
7.22998860	0.00003439
7.24261576	0.00003752
7.25524291	0.00003944
7.26787006	0.00003984
7.28049722	0.00004001
7.29312437	0.00004098
7.30575152	0.00004252
7.31837868	0.00004373
7.33100583	0.00004417
7.34363298	0.00004418
7.35626014	0.00004402
7.36888729	0.00004314
7.38151444	0.00004105
7.39414159	0.00003858
7.40676875	0.00003765
7.41939590	0.00003934
7.43202305	0.00004282
7.44465021	0.00004640
7.45727736	0.00004911
7.46990451	0.00005071
7.48253167	0.00005098
7.49515882	0.00004958
7.50778597	0.00004663
7.52041313	0.00004320
7.53304028	0.00004100
7.54566743	0.00004109
7.55829459	0.00004262
7.57092174	0.00004345
7.58354889	0.00004264
7.59617605	0.00004201
7.60880320	0.00004409
7.62143035	0.00004893
7.63405750	0.00005397
7.64668466	0.00005704
7.65931181	0.00005837
7.67193896	0.00005929
7.68456612	0.00005999
7.69719327	0.00005946
7.70982042	0.00005731
7.72244758	0.00005444
7.73507473	0.00005213
7.74770188	0.00005125
7.76032904	0.00005160
7.77295619	0.00005118
7.78558334	0.00004739
7.79821050	0.00004010
7.81083765	0.00003259
7.82346480	0.00002842
7.83609195	0.00002791
7.84871911	0.00002842
7.86134626	0.00002738
7.87397341	0.00002447
7.88660057	0.00002098
7.89922772	0.00001814
7.91185487	0.00001653
7.92448203	0.00001624
7.93710918	0.00001677
7.94973633	0.00001737
7.96236349	0.00001795
7.97499064	0.00001919
7.98761779	0.00002147
8.00024495	0.00002424
8.01287210	0.00002685
8.02549925	0.00002919
8.03812641	0.00003105
8.05075356	0.00003141
8.06338071	0.00002941
8.07600786	0.00002583
8.08863502	0.00002268
8.10126217	0.00002134
8.11388932	0.00002188
8.12651648	0.00002372
8.13914363	0.00002625
8.15177078	0.00002881
8.16439794	0.00003070
8.17702509	0.00003151
8.18965224	0.00003106
8.20227940	0.00002931
8.21490655	0.00002664
8.22753370	0.00002432
8.24016086	0.00002406
8.25278801	0.00002655
8.26541516	0.00002986
8.27804232	0.00003031
8.29066947	0.00002589
8.30329662	0.00001861
8.31592377	0.00001254
8.32855093	0.00001013
8.34117808	0.00001072
8.35380523	0.00001203
8.36643239	0.00001242
8.37905954	0.00001195
8.39168669	0.00001157
8.40431385	0.00001161
8.41694100	0.00001151
8.42956815	0.00001066
8.44219531	0.00000930
8.45482246	0.00000829
8.46744961	0.00000816
8.48007677	0.00000861
8.49270392	0.00000899
8.50533107	0.00000882
8.51795823	0.00000788
8.53058538	0.00000629
8.54321253	0.00000473
8.55583968	0.00000425
8.56846684	0.00000561
8.58109399	0.00000885
8.59372114	0.00001336
8.60634830	0.00001783
8.61897545	0.00002048
8.63160260	0.00001999
8.64422976	0.00001680
8.65685691	0.00001295
8.66948406	0.00001017
8.68211122	0.00000870
8.69473837	0.00000801
8.70736552	0.00000768
8.71999268	0.00000730
8.73261983	0.00000638
8.74524698	0.00000500
8.75787414	0.00000414
8.77050129	0.00000518
8.78312844	0.00000888
8.79575559	0.00001456
8.80838275	0.00001999
8.82100990	0.00002264
8.83363705	0.00002159
8.84626421	0.00001799
8.85889136	0.00001372
8.87151851	0.00000993
8.88414567	0.00000708
8.89677282	0.00000555
8.90939997	0.00000540
8.92202713	0.00000594
8.93465428	0.00000602
8.94728143	0.00000510
8.95990859	0.00000370
8.97253574	0.00000289
8.98516289	0.00000328
8.99779005	0.00000457
9.01041720	0.00000576
9.02304435	0.00000600
9.03567150	0.00000548
9.04829866	0.00000549
9.06092581	0.00000724
9.07355296	0.00001074
9.08618012	0.00001453
9.09880727	0.00001674
9.11143442	0.00001662
9.12406158	0.00001486
9.13668873	0.00001275
9.14931588	0.00001109
9.16194304	0.00000995
9.17457019	0.00000902
9.18719734	0.00000787
9.19982450	0.00000636
9.21245165	0.00000504
9.22507880	0.00000464
9.23770595	0.00000523
9.25033311	0.00000593
9.26296026	0.00000571
9.27558741	0.00000438
9.28821457	0.00000263
9.30084172	0.00000123
9.31346887	0.00000045
9.32609603	0.00000013
9.33872318	0.00000003
9.35135033	0.00000001
9.36397749	0.00000004
9.37660464	0.00000019
9.38923179	0.00000066
9.40185895	0.00000180
9.41448610	0.00000394
9.42711325	0.00000695
9.43974041	0.00000999
9.45236756	0.00001200
9.46499471	0.00001244
9.47762186	0.00001163
9.49024902	0.00001013
9.50287617	0.00000839
9.51550332	0.00000688
9.52813048	0.00000616
9.54075763	0.00000623
9.55338478	0.00000631
9.56601194	0.00000557
9.57863909	0.00000397
9.59126624	0.00000223
9.60389340	0.00000098
9.61652055	0.00000033
9.62914770	0.00000009
9.64177486	0.00000002
9.65440201	0.00000000
9.66702916	0.00000000
9.67965632	0.00000000
9.69228347	0.00000001
9.70491062	0.00000007
9.71753777	0.00000026
9.73016493	0.00000080
9.74279208	0.00000192
9.75541923	0.00000358
9.76804639	0.00000519
9.78067354	0.00000585
9.79330069	0.00000514
9.80592785	0.00000358
9.81855500	0.00000218
9.83118215	0.00000172
9.84380931	0.00000244
9.85643646	0.00000396
9.86906361	0.00000541
9.88169077	0.00000581
9.89431792	0.00000487
9.90694507	0.00000317
9.91957223	0.00000161
9.93219938	0.00000063
9.94482653	0.00000019
9.95745368	0.00000005
9.97008084	0.00000001
9.98270799	0.00000004
9.99533514	0.00000016
10.00796230	0.00000053
10.02058945	0.00000140
10.03321660	0.00000288
10.04584376	0.00000461
10.05847091	0.00000574
10.07109806	0.00000557
10.08372522	0.00000422
10.09635237	0.00000257
10.10897952	0.00000154
10.12160668	0.00000165
10.13423383	0.00000309
10.14686098	0.00000569
10.15948814	0.00000864
10.17211529	0.00001060
10.18474244	0.00001055
10.19736959	0.00000858
10.20999675	0.00000598
10.22262390	0.00000426
10.23525105	0.00000411
10.24787821	0.00000506
10.26050536	0.00000586
10.27313251	0.00000554
10.28575967	0.00000412
10.29838682	0.00000238
10.31101397	0.00000108
10.32364113	0.00000038
10.33626828	0.00000010
10.34889543	0.00000002
10.36152259	0.00000000
10.37414974	0.00000000
10.38677689	0.00000000
10.39940405	0.00000000
10.41203120	0.00000000
10.42465835	0.00000000
10.43728550	0.00000000
10.44991266	0.00000000
10.46253981	0.00000000
10.47516696	0.00000000
10.48779412	0.00000000
10.50042127	0.00000000
10.51304842	0.00000000
10.52567558	0.00000000
10.53830273	0.00000000
10.55092988	0.00000000
10.56355704	0.00000000
10.57618419	0.00000000
10.58881134	0.00000000
10.60143850	0.00000000
10.61406565	0.00000000
10.62669280	0.00000000
10.63931995	0.00000000
10.65194711	0.00000000
10.66457426	0.00000000
10.67720141	0.00000000
10.68982857	0.00000000
10.70245572	0.00000000
10.71508287	0.00000000
10.72771003	0.00000000
10.74033718	0.00000001
10.75296433	0.00000005
10.76559149	0.00000021
10.77821864	0.00000068
10.79084579	0.00000171
10.80347295	0.00000331
10.81610010	0.00000502
10.82872725	0.00000605
10.84135441	0.00000602
10.85398156	0.00000560
10.86660871	0.00000585
10.87923586	0.00000716
10.89186302	0.00000888
10.90449017	0.00000990
10.91711732	0.00000951
10.92974448	0.00000773
10.94237163	0.00000523
10.95499878	0.00000288
10.96762594	0.00000128
10.98025309	0.00000046
10.99288024	0.00000017
11.00550740	0.00000020
11.01813455	0.00000059
11.03076170	0.00000151
11.04338886	0.00000304
11.05601601	0.00000476
11.06864316	0.00000579
11.08127032	0.00000548
11.09389747	0.00000403
11.10652462	0.00000231
11.11915177	0.00000103
11.13177893	0.00000036
11.14440608	0.00000010
11.15703323	0.00000002
11.16966039	0.00000000
11.18228754	0.00000000
11.19491469	0.00000003
11.20754185	0.00000012
11.22016900	0.00000043
11.23279615	0.00000118
11.24542331	0.00000255
11.25805046	0.00000429
11.27067761	0.00000561
11.28330477	0.00000571
11.29593192	0.00000452
11.30855907	0.00000278
11.32118623	0.00000133
11.33381338	0.00000050
11.34644053	0.00000014
11.35906768	0.00000003
11.37169484	0.00000001
11.38432199	0.00000000
11.39694914	0.00000000
11.40957630	0.00000000
11.42220345	0.00000000
11.43483060	0.00000000
11.44745776	0.00000000
11.46008491	0.00000000
11.47271206	0.00000000
11.48533922	0.00000000
11.49796637	0.00000000
11.51059352	0.00000000
11.52322068	0.00000000
11.53584783	0.00000000
11.54847498	0.00000000
11.56110214	0.00000000
11.57372929	0.00000000
11.58635644	0.00000000
11.59898359	0.00000000
11.61161075	0.00000000
11.62423790	0.00000000
11.63686505	0.00000000
11.64949221	0.00000000
11.66211936	0.00000000
11.67474651	0.00000000
11.68737367	0.00000000
11.70000082	0.00000000
11.71262797	0.00000000
11.72525513	0.00000000
11.73788228	0.00000000
11.75050943	0.00000000
11.76313659	0.00000000
11.77576374	0.00000000
11.78839089	0.00000000
11.80101805	0.00000000
11.81364520	0.00000000
11.82627235	0.00000000
11.83889950	0.00000000
11.85152666	0.00000000
11.86415381	0.00000000
11.87678096	0.00000000
11.88940812	0.00000000
11.90203527	0.00000000
11.91466242	0.00000000
11.92728958	0.00000000
11.93991673	0.00000000
11.95254388	0.00000000
11.96517104	0.00000000
11.97779819	0.00000000
11.99042534	0.00000000
12.00305250	0.00000000
12.01567965	0.00000000
12.02830680	0.00000000
12.04093395	0.00000000
12.05356111	0.00000000
12.06618826	0.00000000
12.07881541	0.00000000
12.09144257	0.00000000
12.10406972	0.00000000
12.11669687	0.00000000
12.12932403	0.00000000
12.14195118	0.00000000
12.15457833	0.00000000
12.16720549	0.00000000
12.17983264	0.00000000
12.19245979	0.00000000
12.20508695	0.00000000
12.21771410	0.00000000
12.23034125	0.00000000
12.24296841	0.00000000
12.25559556	0.00000000
12.26822271	0.00000000
12.28084986	0.00000000
12.29347702	0.00000000
12.30610417	0.00000000
12.31873132	0.00000000
12.33135848	0.00000000
12.34398563	0.00000000
12.35661278	0.00000000
12.36923994	0.00000000
12.38186709	0.00000000
12.39449424	0.00000000
12.40712140	0.00000000
12.41974855	0.00000000
12.43237570	0.00000000
12.44500286	0.00000000
12.45763001	0.00000000
12.47025716	0.00000000
12.48288432	0.00000000
12.49551147	0.00000000
12.50813862	0.00000000
12.52076577	0.00000000
12.53339293	0.00000001
12.54602008	0.00000006
12.55864723	0.00000025
12.57127439	0.00000078
12.58390154	0.00000189
12.59652869	0.00000354
12.60915585	0.00000515
12.62178300	0.00000584
